ID	label	H3k4me1	H3k4me3	H3k27ac	H3k27me3	H3k36me3
enhancer_1	1	0.00016751083814810967	1.0897992792140316	3.7066773535217328	1.8394184949654548	1.0004136980643783
enhancer_2	1	0.3550985916966041	0.0	2.2477421291746684	1.5917635351147101	0.0
enhancer_3	1	0.0012357296014762886	0.0	2.9409141849217866	0.8142107184420991	2.6961223313584557
enhancer_4	1	0.690139840552024	0.0	0.6873314872318916	0.0	0.527291187439071
enhancer_5	1	1.3767695288573596	0.6312673276677333	2.090755580277306	1.5816671143838887	0.7939762919201283
enhancer_6	1	0.31446885312003076	0.0	5.694592056559354	1.5849865556803113	2.783852056054771
enhancer_7	1	0.40718712546735913	0.5900950245826462	0.06304771011682408	0.5599183416114653	0.3709418268943836
enhancer_8	1	1.2941322674028033	1.001001035198029	3.2538730206234314	0.42214111226403245	2.1624971895046734
enhancer_9	1	1.2381135578628268	1.268546249259068	1.5159840384132501	1.174424422857284	0.5205944700810434
enhancer_10	1	1.3973018798308323	0.38222538322092603	3.197247721134313	0.514825591863165	1.0544956625637207
enhancer_11	1	0.05903411124425186	0.19067263725323647	5.974070546279812	1.4037333285873381	1.0749346820994974
enhancer_12	1	6.171443759809104	2.62310919708936	0.9898793630507912	0.0	0.23493248437876546
enhancer_13	1	3.359905164296446	0.0	1.3102943722962994	0.20063693852592218	0.8174769703046989
enhancer_14	1	0.0004987516562395358	0.0	4.105647337104474	0.9811124443594804	0.6253142277599095
enhancer_15	1	0.045962856114379884	0.0	3.7668975475910846	2.7393741722714737	0.5875492531076056
enhancer_16	1	0.0691692525729321	0.0	4.192831080145804	0.8811606569725806	1.0441070407566035
enhancer_17	1	0.174920319576001	1.3570949162496837	0.0	1.3337916263539384	0.0
enhancer_18	1	1.0381685853702554	0.34417736613585126	0.0	0.0	0.7402816432011585
enhancer_19	1	0.07156263114382053	0.6183364194028914	1.0470694578934578	0.28316530557681135	0.4783569158418838
enhancer_20	1	1.2084585417347957	0.7662964020486585	1.5344129420088084	0.0	0.3743710040454522
enhancer_21	1	5.052514122437774	1.5060231107060733	0.0	0.0	1.63600391753964
enhancer_22	1	0.7084842839978991	0.46661677998339707	1.3949073704437742	0.0	3.3602345960993745
enhancer_23	1	1.1186257020085493	1.2408054176313654	0.632225449047773	1.1647387389518187	0.5427989368128237
enhancer_24	1	2.0429713781677705	0.3822859587133937	0.0	1.2283923306930427	2.5620044742715167
enhancer_25	1	3.8196096101464456	1.5106133156609354	2.981478934185835	1.3834452881086925	0.0
enhancer_26	1	0.053251358375390925	0.0	0.0	0.5073794966343786	0.875920305266211
enhancer_27	1	0.3226864480780585	2.982784368348141	3.1334546316050185	0.0	0.0
enhancer_28	1	0.2992751162068952	1.6677821384349918	3.496201170164904	1.0018477845620128	1.1303581425386722
enhancer_29	1	2.164635038762672	0.14508140073755904	2.5768224965996427	1.1632838049940835	1.9355857989143188
enhancer_30	1	0.4542591578805658	0.18578808021323645	5.613369613896152	0.07381022498206097	0.8465061095122856
enhancer_31	1	0.1460490053582722	2.306454061225937	3.23203171584626	1.5808907831926902	1.0431749957224623
enhancer_32	1	2.6615513281462917	2.2353244654002187	0.0	0.0	1.763231212559839
enhancer_33	1	0.9760355104839333	1.525156933218463	0.0	1.343477541526914	0.258909645829151
enhancer_34	1	1.829334196297227	0.2965223291383805	3.0691953482683805	2.052794036031342	0.50218429213659
enhancer_35	1	2.4403900475587976	1.6560892242986593	1.1904313638225719	0.0	0.608041821700592
enhancer_36	1	0.25772380344170026	1.8933914834442283	0.0	0.6925568876097499	0.8803697496303168
enhancer_37	1	0.5252874938816083	0.10780057711788771	0.23329160882646782	0.0	0.4711193410760627
enhancer_38	1	1.7441302289938307	0.7981394458507814	0.0	2.0487782160346955	2.1205318741186767
enhancer_39	1	0.007349405656373019	3.3486508811012445	2.5884613644540666	0.8883916234203895	0.39330976685018126
enhancer_40	1	1.758561363763868	0.4204517542195709	0.0	1.858978366937587	0.0
enhancer_41	1	3.8879138212403417	2.096798058533733	1.8536013234474185	1.379499597640665	1.1798939706923168
enhancer_42	1	3.7030866118291366	1.9159264306890265	0.0	0.0	1.9375639679221206
enhancer_43	1	1.5964118260031406	1.739521947992487	2.413772973938125	0.0	1.8217215509140086
enhancer_44	1	0.47736921146613714	1.5004399426292978	3.052277267164495	0.9774442698795689	0.0
enhancer_45	1	4.666715249470864	0.8004094006050712	1.7448245126075017	1.4278594369002102	0.7265936185166941
enhancer_46	1	2.016842018889972	0.0	0.670835888727108	1.0252368606743536	2.563932405876634
enhancer_47	1	2.684319526863833	1.1165418277177444	0.0	0.7932170211589498	1.7700985257830761
enhancer_48	1	4.937654109620177	0.0	2.532390815626569	0.0	0.9105240170279896
enhancer_49	1	6.15788052845101	0.14503451032413606	1.9858628325597496	0.0	0.0069642619680844176
enhancer_50	1	1.0168541418684776	0.9174774886845558	2.4646565711634407	0.0	0.0
enhancer_51	1	3.3325178848127384	0.501803914659696	2.447320167370753	0.23765135272414478	0.822731067513724
enhancer_52	1	0.1152974349209224	0.0	3.8159539156931106	0.9068380713746175	2.7497645662981225
enhancer_53	1	3.9633386422764354	1.5323401878215313	4.741227962522155	0.0	1.259073114546863
enhancer_54	1	3.8336494134664867	0.5836421918517407	4.4170352535447	0.0	0.6286052100643866
enhancer_55	1	0.2965073913319707	0.4159960662889664	2.410134966563253	0.5382980952711564	1.2690476993422215
enhancer_56	1	0.5928343487238474	1.085142845782714	5.35082137112584	0.05503594905424103	0.0
enhancer_57	1	0.8274457737020582	2.6809012096352154	1.3587157611315326	0.03221309590955945	0.0
enhancer_58	1	4.066705864661319	1.0116931386803205	5.7297654171908	1.4927403485562178	2.413050349636147
enhancer_59	1	0.7803043728987731	0.8286846252739722	0.3134406496899518	0.908523242709925	0.8711280015450603
enhancer_60	1	0.08365452458456143	0.9909435638525026	0.8081849081665118	0.0	0.31746397117329184
enhancer_61	1	5.8255063188885305	0.0	2.642665070380987	1.1476646524229115	3.4025436914165916
enhancer_62	1	0.1687672735612105	2.3873660926053253	4.6313285489273905	2.1140264387064436	0.0
enhancer_63	1	0.6818938092197578	0.22106682181698945	2.529367469378594	0.5259013921479043	2.0202441788635155
enhancer_64	1	1.00407767508001	0.8789962685486168	0.0	0.07520313926235689	1.37684414822905
enhancer_65	1	0.011930613285810415	0.33448551312056546	3.51413123422768	0.0	1.936063126812854
enhancer_66	1	0.013721790737090378	0.0	3.3942142936902355	1.0826820026249928	0.3067171146177057
enhancer_67	1	0.5177266924676464	2.9797828565136717	2.1598856517476395	1.2853895863836342	0.28894126875171655
enhancer_68	1	1.965563330286618	3.4090254208394475	3.3343147433352085	1.5817140292366674	0.24392881499828833
enhancer_69	1	0.25091876329891677	0.0	0.0	1.4677896642308024	0.2570675410383101
enhancer_70	1	2.125429621948913	1.720437107097298	5.103285344676236	2.351138200298964	0.3935832351317201
enhancer_71	1	0.4131254817307159	0.4236091616353611	3.0913380976679825	0.0	0.0
enhancer_72	1	0.00041475757224353096	0.9484563059761545	0.7306697621503837	0.010007701364550148	2.8732472636615967
enhancer_73	1	2.380460500112545	0.0	2.2137154067645026	0.6094843296012111	0.090302103176927
enhancer_74	1	0.029033265541592312	0.6181093235870463	0.0	1.4475844987816096	2.835833949260966
enhancer_75	1	0.9674374295229154	0.0	3.839423850723243	0.0	3.330412021383697
enhancer_76	1	0.2554920295127681	2.9233884661665623	0.0	0.14070804965027328	0.8283383765770316
enhancer_77	1	4.8521137365399465	0.9439535330538549	2.877184471514351	1.1634418300687552	1.9943879548722516
enhancer_78	1	0.23218489370042555	2.0694646419084375	1.8086101648660122	0.0	2.201390030801413
enhancer_79	1	0.0965019288196333	0.0	0.0	1.4187433048841633	0.40673360145530024
enhancer_80	1	5.935241006833311	0.6976184714674396	4.74209312628817	0.0	2.0590653487890505
enhancer_81	1	0.0030156509068504913	1.4059590976318113	2.670036674548185	0.5167768499561547	0.1940008428679899
enhancer_82	1	1.4372615722499638	1.4900234467342806	3.4729391551848305	0.0	1.8475695657262752
enhancer_83	1	0.0017734372437409865	1.6112687495774467	5.519750210195591	0.0	0.3362683467690383
enhancer_84	1	0.04264818394289551	2.349304032603208	0.0	0.006406902066802167	0.5270110825917199
enhancer_85	1	0.1974257166727401	1.745500339949154	3.94273258008596	1.6914350365304123	1.2956270900132423
enhancer_86	1	2.563758645887511	0.0	1.5555174114499897	1.237404821259405	3.3610351515960506
enhancer_87	1	2.2140375862565276	0.8257134002999621	0.9616765694279861	0.0	2.9367459702472596
enhancer_88	1	0.7150770169347945	2.071757856852524	0.31740250706391726	1.5358045916373124	1.3550397354452568
enhancer_89	1	5.625212597704282	2.3266370765504325	0.9257175674378588	0.4182775351545054	2.116415592831302
enhancer_90	1	0.0011298759312100503	1.3839116941220315	4.699199104455792	0.08272639748716926	0.0
enhancer_91	1	0.0010475499715530757	0.0	4.032600438942318	0.0	2.505287700977087
enhancer_92	1	1.2270183330832747	0.0	2.9291638046367074	0.1834157339916579	0.7276108562596364
enhancer_93	1	0.0070054946531023345	0.1269459859858998	0.9857507156565966	0.6160872574829265	1.4034058001096485
enhancer_94	1	0.21538161512124998	2.0279444023483366	0.0	0.3502372045824546	1.0500557938734119
enhancer_95	1	1.3763046124739915	0.0	6.633180607830507	0.0	0.0
enhancer_96	1	7.087212812472635	2.4822541782912997	0.0	1.3067435817975483	0.7715941495684804
enhancer_97	1	0.5432044848123615	1.5046506054941788	4.040923208305457	0.7073728900890276	1.617120798728577
enhancer_98	1	4.226008519611172	0.0	3.5452020065480303	0.0	0.5430165568617604
enhancer_99	1	0.1208595675802067	0.9454270900217366	1.8358229756124365	0.992854978586342	1.7464029862983799
enhancer_100	1	2.50317565676473	1.9188751217944147	3.3047153458789555	0.20797641105034115	0.9858622841430525
enhancer_101	1	0.009667301381121087	0.5617968754482208	0.0	1.4407158509386058	0.0
enhancer_102	1	3.7795089200292113	1.81736618480583	6.882322014617266	2.347356661309612	0.7243510968430711
enhancer_103	1	8.007962715734783	1.6533326361799223	0.0	1.5694840660925784	0.4604767909957871
enhancer_104	1	0.1618996070324845	0.08483730890877961	2.4029661884793327	0.37072796133085406	2.648650632002207
enhancer_105	1	0.5404602449608698	0.9360472806219884	2.1408448290537145	1.2555895668127222	3.281798680428505
enhancer_106	1	0.6912776004837822	0.3712011321953519	2.2557197108085782	1.2866674061150607	1.1751431771542826
enhancer_107	1	6.218883218934839	0.7020131683278584	3.172936145155179	1.059297732946646	2.690199510486813
enhancer_108	1	0.7664645308955824	0.0	5.294777879040808	1.333906910911867	1.6537696247177847
enhancer_109	1	0.00630230815493452	0.0	0.07786580638651897	0.8372035423991517	2.4978615360286507
enhancer_110	1	0.27847939484098866	0.9478362871906137	0.0	3.379243357546528	1.5251834655336787
enhancer_111	1	0.1788623432838146	0.35414225161030205	6.149671670617272	0.0	0.734332168719975
enhancer_112	1	0.04581354725939018	0.9212061389890072	4.399251293088932	0.0	0.0
enhancer_113	1	5.8955649497472855	1.7219804316757146	1.622972213967732	0.051636779957140944	0.1361319709846619
enhancer_114	1	4.645984577002993	1.0192015905585405	3.1063217857480883	1.5128143396057145	0.6004553749341726
enhancer_115	1	0.9270082457147686	2.8579137397003853	0.0	1.0232589904363567	1.0223619625316698
enhancer_116	1	0.031048315698119517	0.385795697654192	2.040678796420573	0.9359291573799684	0.2765752574925957
enhancer_117	1	2.761263859839744	0.0	0.7389747703601741	0.6219445775943624	1.8900486684793034
enhancer_118	1	0.0061332621051763524	1.7027347801228954	2.9292856190281626	0.4113587804353821	0.003464894459279111
enhancer_119	1	2.843703290836762	1.315635938076664	6.087128676733263	1.0330825374791759	1.3882771705647061
enhancer_120	1	0.009582141340053366	0.0	3.1568738288206366	0.43287873509363595	1.000222198265477
enhancer_121	1	0.08490622140982347	1.1565656376762283	0.009435284196133598	0.18377807672548174	0.0
enhancer_122	1	8.681784295905524e-06	0.0	5.834972570615892	3.163767216913204	0.7219268329497261
enhancer_123	1	0.9596661482726137	0.2877140993586629	2.997382990544628	0.19310839624703818	1.348539563773507
enhancer_124	1	0.5138783730157466	0.9325275711933483	5.558733169615392	1.618537678703972	0.7328686503907581
enhancer_125	1	0.21798441905412527	2.0602728990307027	0.0	0.0	0.0
enhancer_126	1	0.4274291222498146	0.6933011857279952	0.0	1.2545202522312147	1.6224650274743078
enhancer_127	1	0.04610629083444568	0.39416793230012276	0.0	1.4133497535933115	0.7805245784184983
enhancer_128	1	0.018568197695522627	1.0309710228148545	3.2411646590594323	0.15987511393228	0.0
enhancer_129	1	0.03727030600549532	0.018127964449720313	2.9752344079202055	0.0	0.8270578344598594
enhancer_130	1	1.3138896130556132	0.27548698630581625	3.1471859226838133	0.0	0.363836127253954
enhancer_131	1	5.0563505306016365	0.660773840453066	6.670543266062856	0.0	1.6771326933610364
enhancer_132	1	0.09223489951230493	0.047143913486437095	0.08237347902394654	1.6005433880724438	3.077041657875311
enhancer_133	1	2.1409850988782724	0.4854818130680714	4.015572147265894	1.1478407336582674	0.44411012639074965
enhancer_134	1	0.0833269217306146	0.8756083266102255	0.26568640704673663	2.4361882945723714	1.5320214306201352
enhancer_135	1	0.00046090658846403067	2.955307190961407	1.0532551260434744	0.25504647909472666	0.15638045005837564
enhancer_136	1	0.8734676432698	0.0	6.123182229208952	1.794824165918119	1.4268916621608831
enhancer_137	1	0.5257258215404528	1.1070305129542002	1.6914753026177336	1.4778700184739018	1.4144163777732661
enhancer_138	1	0.0010631428938860897	1.0511339005221083	0.0	0.0	2.6036217451318526
enhancer_139	1	0.8567313745133124	0.30111425110859974	4.735926414205405	1.6601077660502332	0.0
enhancer_140	1	0.4899222769709001	0.6318148253530901	4.03416906602655	0.8337297051278947	0.6783497846563512
enhancer_141	1	4.725326983702817	0.5692806496160134	0.7370873493275711	0.0	2.437661188476989
enhancer_142	1	0.022619238657402965	1.2286403937713093	2.368905823798765	2.0381006983393952	0.8250914806042726
enhancer_143	1	4.268883702539141	0.0	2.8822999441902293	0.10374407771944949	2.702918410109584
enhancer_144	1	2.102919191759637	1.920221929681953	2.1684844852829768	0.4333033100431529	2.261087202138893
enhancer_145	1	1.7639885266233621	1.496025116757552	2.375651017415874	1.6348071221434937	0.0
enhancer_146	1	0.3257386942477572	3.3804016393976886	0.0	0.0	0.6626975259505186
enhancer_147	1	2.1523383603818473	1.4857236807434069	0.5362823633514953	0.26831871496658	2.4184890001161676
enhancer_148	1	1.729905680202697	0.31735412072509356	2.0188067245394055	0.0	1.0124329838652228
enhancer_149	1	1.1472317402750705	0.0	3.9414531923085807	0.4090170880772489	0.9958133888498965
enhancer_150	1	0.06582782350534869	1.0943149798136989	3.0478485159366713	0.0	0.1937559264792783
enhancer_151	1	0.010961087720394311	0.0	0.0	0.010130761584571601	1.5259151372238482
enhancer_152	1	0.2657283890060444	1.162598641301431	2.5694635305427864	0.0	0.9757205291480316
enhancer_153	1	4.103515540672376	1.8817099660303949	3.702327255003413	1.4994716291217407	0.17706169226918256
enhancer_154	1	0.07603748698623344	1.25154746517049	2.7997916143388433	0.024023173822246335	0.0
enhancer_155	1	3.4250425717712614	0.5705363358634555	0.4042064191910564	1.6644632485031667	1.123288138423897
enhancer_156	1	1.1612632963161895	0.0	2.5855652038820005	2.242011546766367	3.4421622727426526
enhancer_157	1	0.06143693644281636	0.782722768236929	0.26136197870192057	0.6377239884426831	2.84879827313992
enhancer_158	1	1.4854114066105653	0.41648505641393846	0.04717853067841937	0.0	0.8168832099808515
enhancer_159	1	0.7413507346127557	0.5492345834801218	0.0	0.8087829496546135	1.5686297669070923
enhancer_160	1	1.935304417904276	0.7647460760658067	1.8203419856663978	2.2013741675866587	1.4192145000402765
enhancer_161	1	3.103665146159916	1.7925996914734155	4.3515131689577995	0.5466520291966726	2.3543267829876067
enhancer_162	1	0.4853860543379344	0.055325745879097554	1.3165058962907579	0.0	0.0
enhancer_163	1	2.5346868914510727	0.1740883997178745	0.6936264555093385	2.0689975520535917	0.9418693618583591
enhancer_164	1	0.006728367897096964	2.0705953120853215	5.158461876797522	0.0	1.4189114899766406
enhancer_165	1	0.062170076800426036	0.0	2.5917342923342837	0.06698500767325666	1.8928035204775948
enhancer_166	1	10.06848267666243	1.040188357481104	0.0	2.1458798142473414	0.34098314912556693
enhancer_167	1	1.5962352034465273	0.0	1.6208337383414375	0.6090182582710378	1.492042607700287
enhancer_168	1	13.085874010424796	1.1555221198796863	5.665414220380894	0.2665597746864359	0.4703158652834427
enhancer_169	1	0.909679264856237	0.4456408084632117	0.7994298232175951	0.0	0.8316739470365382
enhancer_170	1	4.711644969470911	0.2051063873362987	0.0	0.0	0.5216210075631413
enhancer_171	1	4.00497271468969	3.161773263851904	2.4302089491997885	1.8116318757907306	1.9031200103791708
enhancer_172	1	1.3329248764636314	1.569496837714847	4.678660212840919	2.2234282667676752	0.469925881637023
enhancer_173	1	0.23197219177683776	1.0342449240242686	0.4485032265823985	0.904586791221738	1.0122005063403448
enhancer_174	1	4.929117466875633	1.9731670923159412	0.9598157532957414	1.4043526545760128	0.0
enhancer_175	1	2.6712755053751844	0.0	0.4975069576725619	0.9305001042071684	0.0
enhancer_176	1	0.0325996159213796	1.6765028259293273	1.0123878322588142	1.3049625627400716	0.0030099701744099594
enhancer_177	1	2.408630177834415	0.0	1.4720866453705814	0.8173300905788927	0.0
enhancer_178	1	0.7738981956915832	1.044432630550442	1.7226835715497772	0.0	0.5915954895896505
enhancer_179	1	0.23091614773812147	2.0756509773426917	1.9044615156452769	0.0	0.0
enhancer_180	1	1.5990253530120153	0.591862519942759	0.0	0.0	1.5731606120960118
enhancer_181	1	3.243134430054052	0.0	2.7393170647797596	2.3517592243050727	0.7616991492429419
enhancer_182	1	0.3737923636461269	1.3464053970761842	4.051742891730836	0.0	0.7996530149232306
enhancer_183	1	0.005214427264512637	0.4234839930773826	2.3534006952863957	0.0	0.5181185820589699
enhancer_184	1	0.06973007429988799	1.7135648105613792	4.612577464111284	0.0	2.111845237228216
enhancer_185	1	0.6619000293509456	1.3727863391041653	2.9482609690726673	0.7472651149954649	2.109296605107505
enhancer_186	1	2.246646177564175	0.8159493270227713	0.0	0.5629469011540592	0.7737130079068846
enhancer_187	1	0.008033462492425201	1.0725956805293653	5.213257915036923	0.0	2.3460663252581284
enhancer_188	1	0.6680351028534179	1.7239697874421251	5.1449833984914335	0.7867933691688129	1.2868283721029903
enhancer_189	1	0.05410218835917986	0.7372679204028371	2.352184954878821	0.9227508006907192	0.8568869113027382
enhancer_190	1	1.3339933500765255	3.0914095900568563	5.250439642322873	0.6613635798779305	0.04935820923159062
enhancer_191	1	0.5420812784028448	1.4201497607323343	0.8926883943589212	0.4191415654841529	0.5672989843899372
enhancer_192	1	0.48677499895407883	0.3060586243656853	1.9216368723033947	0.16416931095269405	3.1903880043042063
enhancer_193	1	1.0365478084596	1.0015776466192867	0.8431607660000031	0.5451175479177441	0.19119491727961424
enhancer_194	1	1.8826312848850841	1.1642567204728171	3.564363963182596	0.0	1.5093451848799821
enhancer_195	1	0.06527306978234773	3.0065700864151275	1.0804384283147612	1.5637085671058482	1.4875778792288694
enhancer_196	1	5.57469019126157	0.2017450147114701	2.9076924920722966	0.0	1.534618550111116
enhancer_197	1	0.05828991239095242	1.5546374110522472	6.058792078562928	0.0	3.0241698631015193
enhancer_198	1	2.6926994792145815	0.1261813743026039	3.5201313282544633	2.2580632664316984	0.8511319360143349
enhancer_199	1	0.666062819929324	1.0238955623042907	3.4764940969721625	0.0	0.0
enhancer_200	1	0.39671358620740255	0.0	3.6817426330504484	0.0	0.36239610497152175
enhancer_201	1	1.4795925642276426	0.4360224314780408	3.704110532812452	0.0	0.8551258242307888
enhancer_202	1	6.947527498680084	1.4663894139399558	0.12964323921120258	0.0	1.7000907865501567
enhancer_203	1	1.6358383453554213	0.0	2.1405861957753447	0.7934722455975058	0.42016641499019514
enhancer_204	1	0.1546819406721881	0.14339723336801258	3.7192591979064002	0.0	0.7430069182162155
enhancer_205	1	0.004402090230229571	1.639536454172004	1.4792511074526131	0.0	0.0
enhancer_206	1	0.09737462651961283	0.0	2.234041737942008	1.2268823945333653	0.34527626901901753
enhancer_207	1	0.041144311202843925	0.0	2.6327489676507927	1.5128377554204504	2.521444145740909
enhancer_208	1	2.0711852737478766	1.715161640172796	1.0871659483430884	0.6387835526454787	1.9676741646258873
enhancer_209	1	0.09046445214882805	0.0	1.3642944654495985	1.084941876662603	0.6256769499716273
enhancer_210	1	5.02991692339725	0.7110023247228354	5.22881235065895	0.9594267060546737	2.7593745865876143
enhancer_211	1	0.06970597386123588	0.45458566099551106	3.687517060133041	0.08928253548670573	2.544755903803304
enhancer_212	1	1.5597494461049108	0.0	3.631259760340699	0.0	2.521646240985296
enhancer_213	1	0.233158969026123	1.3129118777006017	5.7033972750493405	0.41535630550604186	0.1743752097619472
enhancer_214	1	1.6718787213202653	1.3691957480702481	0.5959281381907733	1.5215350388864628	1.0563463082292694
enhancer_215	1	0.0031756374565342846	1.127988681098413	1.2649016810139178	0.0	0.2189220571161744
enhancer_216	1	1.1465196645847806	2.6746236809316386	2.5887671965780514	1.0855450725868963	1.58161440808199
enhancer_217	1	0.3827860427753271	0.3927250044756565	1.8345408896799182	1.3871079980697676	0.6683312886904167
enhancer_218	1	13.47075907625551	0.5058513731410017	4.005819227386171	0.0	0.0
enhancer_219	1	0.7794477194298625	0.9002416472273176	1.4587537873596954	0.9257124218269572	0.0
enhancer_220	1	0.8671057644519582	0.7300628766358181	1.769537178925573	0.0	0.19923084139686587
enhancer_221	1	1.8199713340231685	1.2971421390246134	5.125529219335704	1.0641325236966173	0.4139373353772856
enhancer_222	1	0.18558639486665476	0.0	0.6791187351519212	0.30481793643338406	0.931173940150503
enhancer_223	1	2.212147859720743	1.5146262254799905	0.0	0.5565005943108755	1.4989468887631128
enhancer_224	1	2.6795337760147957	0.0	1.4192399157651905	0.8188393406501169	1.133882411223683
enhancer_225	1	4.216314182503942	0.6549420763712478	0.0	0.1417428316751037	1.2687005103248923
enhancer_226	1	2.9480525415917858	0.9360121684576412	1.5120423077348777	0.6025493791133942	0.8386173616795485
enhancer_227	1	1.003827046275978	1.657004083518406	3.992459649020679	0.3597452121596647	0.1906086631658347
enhancer_228	1	0.28020988023300875	0.24661446310579982	0.9000905645320743	0.0	0.0
enhancer_229	1	2.0729416118116166	0.5405673996015536	0.7213479060179784	1.016644351721128	0.074335787442814
enhancer_230	1	0.20063333090845156	1.2077803876770827	4.690801852740046	0.2244128460118192	1.2135954635450406
enhancer_231	1	0.01144901379976453	0.008263326233085233	0.4826609047509658	1.476261666300681	0.08182081903804517
enhancer_232	1	0.04055775402109245	0.971664182121116	2.6541803112156828	0.0	0.062365435661131174
enhancer_233	1	6.774754185591753	0.44088780238104247	3.205089009114068	0.2718825997586035	2.2672753318652425
enhancer_234	1	1.2914464520014888	0.6195924551442908	0.8926835178004267	2.0858536269556733	0.33477365090371314
enhancer_235	1	10.680594812993169	1.5825857796808471	1.002245260655194	0.0	1.1621645783469434
enhancer_236	1	2.3511760699116273	0.0	1.5303692840122805	1.433216636800944	0.6151222603092126
enhancer_237	1	0.7318438521310393	0.6624774053226776	0.6968675948932532	0.1811722718054889	0.0
enhancer_238	1	0.46758296566362356	2.404537990260616	0.27222361247221993	1.5256498184478795	1.1008044833130768
enhancer_239	1	0.5487708831219829	0.33629899742640956	3.9712052422931796	0.0	0.9981740920769883
enhancer_240	1	1.7142086308022377	1.2959292188467624	0.7787181231216123	0.0	0.0
enhancer_241	1	0.7566629554791108	1.5026327990060548	2.2379833814198795	2.3993679298306025	0.5370577652895314
enhancer_242	1	0.738555179682946	0.0	0.0	0.036499598482021	0.0
enhancer_243	1	0.5491399930194322	2.4847794160466607	1.7379124984200822	0.5611213994450579	1.6368904660083157
enhancer_244	1	1.9961400726572351	0.8400890583776058	1.6123995860737017	0.0	0.2855823705763103
enhancer_245	1	0.3749573752831815	1.4775764877773052	0.0	0.16695143963032527	0.12936852167734958
enhancer_246	1	0.9232962155320574	0.03501723988265493	0.9885893498868688	2.9653937955032013	1.3446380757588883
enhancer_247	1	9.673171288021877	0.5596353926158022	2.526215987933245	1.56849775362019	0.0
enhancer_248	1	0.35652151078789696	0.3372629889001092	0.6295487958013126	0.0	1.8015653455641436
enhancer_249	1	1.8224885553078467	2.1240478036085086	3.2733708115366715	0.38632470945508646	0.4058334306303225
enhancer_250	1	0.04944440234277109	0.0	3.8954711399949495	1.4165690793642631	2.359639144042748
enhancer_251	1	0.9485954639583373	0.36890620441749955	3.1894156193485994	0.0	0.9373857238800091
enhancer_252	1	1.0645504390887872	0.6596322707017972	2.498737350743773	0.5731912447623764	0.8153493565089998
enhancer_253	1	6.2183398833009775	0.0	0.0	1.5913615986471283	1.5150629570802174
enhancer_254	1	0.8809287175455072	1.333702869884807	3.195745014614264	0.3256314680562601	0.0
enhancer_255	1	0.22289497775921546	0.21385131356844023	0.0	0.8855980330076125	0.7127066183288039
enhancer_256	1	3.6061965249600396	1.4030740357048574	1.0894093908806954	0.3006760333859205	1.1064088120716375
enhancer_257	1	0.07944191008873518	0.33272034608813783	3.229378006334691	0.0	1.7121865116287114
enhancer_258	1	0.23101797361464643	1.311693636466798	2.9457294181986367	3.1095600376290555	0.0
enhancer_259	1	2.0472016245619606	0.0	4.983475991773858	0.0	0.8919568714799521
enhancer_260	1	5.7034442298084675	1.8257825552338778	1.8272371932109581	0.11600787850908134	0.4922725897534763
enhancer_261	1	0.4437379852026601	1.1552824056594917	2.6930127509518007	0.0	0.3844312689865558
enhancer_262	1	2.274434500453595	2.4886438678952207	3.414139475328425	0.7449981026094978	2.2325667087375693
enhancer_263	1	0.2621716063986258	0.9624494451775264	3.7494166386047096	0.0	1.430329874103923
enhancer_264	1	0.295578476631542	1.042077067413451	0.0002823445300075278	0.0	0.0
enhancer_265	1	0.12260080823615832	0.34287733052783226	1.302514056410553	0.0	0.39810177950981773
enhancer_266	1	0.005789646371734702	1.2816516109935168	0.7071627802404272	0.0	1.772093788953133
enhancer_267	1	0.024326666068920238	2.1488012393907785	1.8787785194092372	0.0	1.3162207168471487
enhancer_268	1	1.2561337045863463	0.32491418115761905	2.7340558270795126	0.124757553621409	1.8791182769324188
enhancer_269	1	0.597814858962487	1.1887112091448557	0.2737900940409306	0.0	1.7960770464604983
enhancer_270	1	0.04386886059805355	2.0992612655796283	0.0	0.9655183701143017	0.0
enhancer_271	1	6.9938856201725885	0.851667870963074	4.634231805974277	0.0	0.0
enhancer_272	1	0.8736214074892646	2.081663447798637	1.98009370480337	1.9140704981830094	1.1588218144380604
enhancer_273	1	0.17875659366603597	0.30422250961803926	0.0	1.10768523990067	2.304340710819445
enhancer_274	1	1.5603808917226942	0.0	2.067045012006953	0.2283295364165316	2.6463040588467908
enhancer_275	1	0.8682161930648934	0.4145447037711906	0.4322397060591363	0.0263720410943305	1.7203104183090892
enhancer_276	1	3.7389934310553747	1.3593559177905925	4.320181343559371	2.1359435478842714	0.0
enhancer_277	1	1.5974061625393963	0.0	0.0	1.5113276864216116	0.0
enhancer_278	1	1.3769001211323137	2.572059997625698	5.015762322743967	1.478920222563328	0.8372039845351056
enhancer_279	1	4.020603247019471	2.2706701700179233	0.15092391305783615	0.0	2.547883829558819
enhancer_280	1	0.18219489844048928	1.3043830387817703	2.130852707895437	2.241775219497562	3.2216410971108997
enhancer_281	1	1.9777829675089764	2.143395736902709	0.2730059033514505	0.0	1.365274105416351
enhancer_282	1	0.3914558489636624	0.9110485450582652	0.14494447601377702	0.0	0.0
enhancer_283	1	0.24518773944648195	0.0	2.408257099983462	1.9259753162513291	0.32579682633141716
enhancer_284	1	0.28235197786192534	1.1870686086079276	1.9520112480155347	0.3948543897283116	0.4737102018199263
enhancer_285	1	0.04466506417057013	0.7225971083127112	3.521714520285714	2.619718662428431	1.912280914455145
enhancer_286	1	7.520195308360564	0.8061401568888565	3.763298875375873	2.7538525765987387	1.3858646297330661
enhancer_287	1	1.0452040116495431	0.010247601148102636	2.5057309546482474	0.45267084591222156	1.0138335228829847
enhancer_288	1	0.44126779678491007	1.6382130495089338	3.5232114271653465	0.0	1.4954959841777973
enhancer_289	1	0.7893362358783779	0.0	3.5718787173590725	0.9747714942393325	0.0
enhancer_290	1	2.876853475321986	0.0	1.1130737646475382	0.003328003599921303	0.21401452450884384
enhancer_291	1	1.5420013568336994	1.4056673821758046	3.3309073556620516	0.6621608031160743	1.762221676771741
enhancer_292	1	3.79890522360302	1.141772859600273	6.141988321779517	0.0	0.9952477978834657
enhancer_293	1	3.052982547253895	0.5624343978037709	2.0433136147558053	0.0	0.010479973453140001
enhancer_294	1	3.4657686880860634	0.0	0.7103511404889868	0.9871926930324488	0.9093637603338693
enhancer_295	1	0.9460710862495562	0.9335348719892077	2.0629352060097528	0.2878955018658294	0.0
enhancer_296	1	0.05534172294535807	2.949426838994717	0.0	0.7925638327490104	1.3169849653175394
enhancer_297	1	0.05905640326923211	0.21701964379328353	2.7619113688402317	0.4490171132108268	2.9493358670249306
enhancer_298	1	0.250525822154756	0.739396138027107	2.039714035540181	0.28806523251074084	1.5449541053629638
enhancer_299	1	2.932370951919195	0.8098335592149242	0.0	0.6457294645859809	0.3483185121007083
enhancer_300	1	3.7614213441756466	0.7109042597407228	4.745444125496659	1.3045969927735017	1.6894811609721698
enhancer_301	1	0.3413464362371	2.1716104446283166	4.640186619879168	0.42090055986764097	0.05861969756952767
enhancer_302	1	2.1793969643067266	0.26433227383791813	3.738269100472018	0.5479650475468382	1.0664582750252734
enhancer_303	1	0.43785577988702745	1.4069033134242046	1.3658120781153438	0.9496704743792794	0.6581374191416816
enhancer_304	1	0.3883379691770994	1.7666491262035289	0.8668535247794504	1.5854678691428383	1.4800317247836725
enhancer_305	1	0.23453429825346245	0.05890492247860346	2.551703791961474	1.0232662123146725	0.9644768891949745
enhancer_306	1	1.1888778708258563	0.0	2.412899388245016	0.5822622414992912	1.8251059807365602
enhancer_307	1	0.36727389876354083	1.3883030903969276	0.0	0.7364256541733927	0.9325955891629831
enhancer_308	1	0.8065207380417093	1.7510100508120168	0.0	0.0	0.5321792785399241
enhancer_309	1	1.1192117933893801	0.587779221462713	4.039882238428507	0.23921216792626598	1.2215081066334665
enhancer_310	1	2.3466373348500817	0.0	2.230377754877417	1.1349672953790046	1.7623287640146506
enhancer_311	1	1.292993753690411	1.1627263511755375	0.15278702827052637	0.0	2.0020229243459884
enhancer_312	1	0.8593478906127715	0.5273164430759338	0.4450107848229685	1.5770443796371476	0.1346030486387143
enhancer_313	1	0.057978431505271336	0.7601325455750627	2.615426420918289	0.3158093579815487	1.422621748894726
enhancer_314	1	2.7090225645917942	0.0	5.20134984306911	0.8995039139831591	0.0
enhancer_315	1	0.30949725169074765	0.0	1.8069983446296976	1.2057284148664484	2.0611304986228154
enhancer_316	1	1.2882380179081272	0.0	0.3643369000782426	0.0	0.5746637872575227
enhancer_317	1	2.957021954222282	0.6648989838804029	1.9719582323896705	0.8534911617965169	0.6695097004940076
enhancer_318	1	3.8218951859535113	1.6193905320073538	0.10048192886694007	1.318734008647405	1.7299126450241396
enhancer_319	1	0.09008427083272005	1.1668047263334493	6.41281726054154	0.9058223011484852	1.1208942833680464
enhancer_320	1	3.348090290181156	2.700401680141535	1.2000463002731467	0.0	1.3993897816702037
enhancer_321	1	4.291671187017032	1.7533171384053312	4.181466860793103	1.9268829963738885	2.1916293622484453
enhancer_322	1	3.811868195898294	0.020368942696471937	2.993749272823022	0.0	0.2579018185757964
enhancer_323	1	0.939752033282764	1.6852590891016734	4.084511873488978	0.19306495793215256	0.018958512251040394
enhancer_324	1	10.873360070376949	1.0932181077119838	1.6468107686904956	1.898347916371526	0.9633296388534854
enhancer_325	1	1.4165855906748348	0.7286778533226349	4.162273028333386	0.0	1.310634538854089
enhancer_326	1	0.017153418557649677	0.0	0.4112976487565778	1.46542722354623	2.1854496408281783
enhancer_327	1	0.8037789808406607	0.8307547365465925	2.709221324565793	0.1700782619557205	2.457931257602216
enhancer_328	1	0.8517846781012589	0.0	0.9144691913305085	2.0476398022989333	1.9036357009055573
enhancer_329	1	0.6187933218020336	2.011635577781506	2.813581380192423	0.0	1.129768954382793
enhancer_330	1	1.9552556831494825	0.13749900191705922	1.5006690869937378	1.5807596921587326	1.325994514498378
enhancer_331	1	1.595117488555748	0.1724768883689699	5.271782181881347	0.8272536593468683	2.249749831455298
enhancer_332	1	5.010925998533988	2.308035148224608	1.005010509028669	0.1016580457615463	1.8535309150862558
enhancer_333	1	0.38045533932296743	1.3788649562387416	3.1037235231738736	1.1626170773701416	0.013767763463800708
enhancer_334	1	0.35994843971553686	0.246252109169938	4.8151639304561265	0.0	1.2375010246458296
enhancer_335	1	0.28301428584570787	0.0	2.4444160471067846	0.5305357373688526	1.264237534576891
enhancer_336	1	0.09330125696130014	0.5440509527913382	2.933458735319422	0.0	1.4582877883110292
enhancer_337	1	2.016678317160672	0.0	2.5831507441100303	1.7644775461613562	0.0
enhancer_338	1	3.0626366334023585	0.0	1.8486464448122186	0.5022755448150006	0.81903019464644
enhancer_339	1	1.4890326502716327	2.532793593602223	0.0	0.0	0.160767170891154
enhancer_340	1	0.5742265117360503	1.795608470473146	6.20481880871072	1.650314602408782	2.6197181376390306
enhancer_341	1	1.4357075918868254	0.3088235260406993	0.40537543493545636	1.4619467649236442	1.1026009143723807
enhancer_342	1	6.178150408982563	1.5770286595043532	3.389194524810307	0.07196527305191397	0.5896987605006544
enhancer_343	1	0.17931796587770749	1.4202991131332934	2.3609107616600356	1.5603213104564415	0.5086161330316369
enhancer_344	1	1.935763957919066	0.0	1.0741366135791146	2.1745386547101533	3.181463489316604
enhancer_345	1	5.705188017195007	2.1072894139967975	0.0	0.8000179103392627	0.450216145982796
enhancer_346	1	2.6917619376353525	1.9936515777106967	1.3255127740126476	0.0	2.250331941097047
enhancer_347	1	1.5590100122641022	0.0	5.061287519142965	2.130345219174682	1.3987885758170877
enhancer_348	1	0.09994182169781154	1.5549446517938272	3.5972194828389696	0.4163394949776512	1.4224660418526107
enhancer_349	1	0.15193516206430027	0.0	5.547127271842213	0.0	0.6750217476937377
enhancer_350	1	0.5251445862148556	0.7658722763901252	0.0	0.0	0.23682130364592247
enhancer_351	1	1.1556340801117537	1.0877160129689063	0.0	1.3946551018925821	2.3853728753504755
enhancer_352	1	3.0852486731793403	0.7597254828248896	2.9659717158428753	0.14647370914824415	1.1940373617210889
enhancer_353	1	0.4174983516033805	0.7258162077723717	3.4096713263508867	0.6687283909728317	1.8988810105132583
enhancer_354	1	0.0006925272937217712	0.0	2.887108228167102	0.025663834700683674	0.46650676463335194
enhancer_355	1	1.3797584311318527	0.5775909922442781	0.0	0.974198487871828	1.9357286665488946
enhancer_356	1	3.5349795098225165	1.6111969353440903	3.582415166197464	0.6269863623805793	1.5697166240380254
enhancer_357	1	2.5483523525847986	0.2507566078387097	2.70290177609167	0.0	1.284319595771269
enhancer_358	1	2.3892049565745612	1.0842358076860281	0.45167825268350414	1.4932943503455198	1.2764762708813158
enhancer_359	1	0.5516506008084309	0.8711407343049842	2.9590141773030103	0.6634717589331611	0.07596719452225076
enhancer_360	1	2.599621512400458	1.561594918264173	1.4084499696963595	0.0	0.961147217825328
enhancer_361	1	4.62517026023227	1.1373226426566743	2.417234470063953	0.0	1.3378391821620774
enhancer_362	1	0.08875500675131452	0.8015776054658691	2.0773468767150796	0.3541892606595156	0.3615132137581454
enhancer_363	1	0.839432727683666	1.391907052628732	3.5281536143764654	1.5169070741681498	1.7197678541470651
enhancer_364	1	0.10619720517472499	0.0	2.333501843375332	0.27887711715024577	0.0
enhancer_365	1	1.5396206078360577	1.4700655955671234	2.453480336570281	0.8966516397230063	1.3319909939487231
enhancer_366	1	1.0561221563979417	1.5897163160452485	0.0	1.072518117576006	0.0
enhancer_367	1	0.029250636838443776	0.0	4.014954332497551	0.0	0.0
enhancer_368	1	0.2781167814332169	0.0	0.3513425859616597	0.0	0.19284816589284104
enhancer_369	1	2.5848192741231037	2.3130673957374297	0.3611100931472653	0.0	1.8850474640241506
enhancer_370	1	1.1996799147934054	0.9057289803872254	2.608701240574896	1.0384842179534184	0.0
enhancer_371	1	1.7949149401452633	2.001336432272997	3.4222368975418345	0.0	0.4256274492945139
enhancer_372	1	0.7658285601356555	0.5889545102014683	1.689033170599273	0.0	1.7904286765614659
enhancer_373	1	1.9994904322609846	1.4228949387532315	7.117348585780364	0.2875988888910428	0.0
enhancer_374	1	0.5201306583943228	1.3451062390705326	0.0	1.7007052719185125	0.0
enhancer_375	1	0.9223279270106883	0.10072326529294562	5.921380792478523	2.05015456843494	0.0
enhancer_376	1	0.04190853492230943	1.778242884555977	0.9515429587946025	0.0	0.22661730231711752
enhancer_377	1	0.8317744877937856	1.1801789726500314	0.6410190668268501	0.5427054745887167	2.132008764772408
enhancer_378	1	0.6844977100560645	1.3306714697559556	2.528910531752989	0.0	1.1005970610590534
enhancer_379	1	0.40453787630884835	1.115362383595712	1.2773929242352826	0.0	2.4732245398661385
enhancer_380	1	1.8030547786498725	3.0096107936209258	0.8899823100908015	1.2353582590550962	0.8839566986442718
enhancer_381	1	2.02880544515459	1.3235056845089703	0.7200073747836111	0.07753913937681278	1.3242248364597597
enhancer_382	1	0.5217133812934994	0.0	3.513214037159883	0.17047486259919392	1.528218371156174
enhancer_383	1	0.2091301650757938	2.064039419704933	2.530952794526316	0.0	0.5675163254364193
enhancer_384	1	0.3975797071130253	1.036842139372924	0.0	0.2001932573044099	0.8616859428473439
enhancer_385	1	0.6953096375178673	1.3100063244708047	4.05107664780561	1.7353094889709753	0.0
enhancer_386	1	0.017807053815238984	3.1215234554839277	0.46853870111970064	1.0941890391899798	0.0
enhancer_387	1	0.04578876659027248	0.768865851365909	0.0	1.7546986067406072	0.0
enhancer_388	1	0.28529107887017807	0.9227504332075624	3.1293930525562446	1.6754192762301208	0.0
enhancer_389	1	5.015071959555241	0.0	4.646249951091047	1.1436888560973504	0.718442213765147
enhancer_390	1	0.7638840254432142	0.22648402084358932	4.903794451708551	0.0	1.5216685088908246
enhancer_391	1	2.458301150842624	1.9155271471244766	1.412075430867164	0.0	0.0
enhancer_392	1	0.01411458096550301	0.9009515246194362	2.577015736483475	0.37079408357490873	1.2991727342727968
enhancer_393	1	1.2351716760883042	0.39532699001794397	3.571123163760947	0.053408126617760676	0.4128324517383769
enhancer_394	1	4.595584859995832	1.2012468334896957	2.3926463899894657	0.0	0.17851581404366568
enhancer_395	1	0.0376636674135761	2.477628630453218	1.09371410859774	1.0082487635210133	0.6547774083266586
enhancer_396	1	6.7108377916960595	2.3499266538595807	3.0043067067374913	0.0	0.3110441515868104
enhancer_397	1	0.23904360516776957	0.0	1.3249078369486609	1.776978451739401	1.5599464541989623
enhancer_398	1	0.4547731865167507	1.6091857872131285	0.0	0.0	2.6547432562027744
enhancer_399	1	1.1752086560752548	1.0164775922637408	4.836820977005932	0.0	0.7306133681107685
enhancer_400	1	0.08532136128064101	0.0	1.2050717055989804	0.0	2.219392074569882
enhancer_401	1	0.2442059535926281	0.0	4.6663726087572375	0.0	1.0682401174634104
enhancer_402	1	1.3090962984972307	1.9799527386451077	4.548715992936787	1.5000702102720922	0.0
enhancer_403	1	0.06825335376771023	0.1871418047875394	3.86438144888759	0.18508997732036814	2.5683575511507115
enhancer_404	1	0.29692496527442236	0.0	2.1185832374583997	0.0	2.7269379231315893
enhancer_405	1	0.1778906721339916	1.3103247909965896	2.7963671678488353	0.0	4.32413495402705
enhancer_406	1	3.3511736235257015	1.1823465648911968	1.3670809822731183	0.24008850027951179	1.8038131887907012
enhancer_407	1	0.4270292967153737	0.7195448487668696	1.1611662292673461	2.101312765758693	0.7033178263606421
enhancer_408	1	0.017741860984041652	0.023302341166909213	4.440000637122026	0.342350073455877	1.8724922227822076
enhancer_409	1	3.036813916690699	1.7875806749613348	0.7763044212012529	1.564704878637975	0.0
enhancer_410	1	0.10517073176962387	0.8860707296260423	0.0	0.5089857740800086	1.6133018540026947
enhancer_411	1	0.024087597549294636	0.5972263187098559	1.022286611649743	0.0	1.5334885181088704
enhancer_412	1	4.019727881286716	1.1145905824435538	2.1205791362473003	0.2641403227218396	2.965787668793817
enhancer_413	1	2.094166639752645	1.3021969250123708	0.8426436959106871	0.6353614290680785	0.8066506198229092
enhancer_414	1	0.6992123431488341	1.6987994716281842	1.4966273585565668	0.0	0.5040961034227082
enhancer_415	1	1.8430328879474018	1.864290493894472	4.010998904516345	0.7940764718415421	0.0
enhancer_416	1	0.0967643381540329	0.4878069634809128	0.26519653645377517	0.0	0.0
enhancer_417	1	2.024057819025144	0.31412387602745667	0.0	0.0	0.0
enhancer_418	1	1.4035268014800575	0.0	4.684868141410853	0.0	1.3925198864966348
enhancer_419	1	2.416749265071016	0.14988406209362404	0.9257280859317576	0.586300536229646	0.7874789660600747
enhancer_420	1	0.06879118465208738	1.5578905432529413	2.7813079828139946	1.6311644292022438	0.6817577564417596
enhancer_421	1	0.020481970368309267	1.9732792550391305	0.0	0.6108982401105302	0.7034151888590955
enhancer_422	1	0.18610439382909363	0.9310461229490997	2.985179940467126	2.025507579028054	0.0
enhancer_423	1	0.33157063568602374	0.2450298830507781	4.628289338127772	0.4235749789228357	0.5110653356462694
enhancer_424	1	0.03453085058647365	0.9041908206752645	5.253200860969038	0.0	1.1910349834211842
enhancer_425	1	0.192673987929774	0.6700430276744755	0.8501862545627179	0.7575393073258383	0.0
enhancer_426	1	0.376015449235149	0.584504044580821	1.575912283687408	0.0	2.0874233940894387
enhancer_427	1	1.8552357736927614	1.470319218535777	1.4926429463936204	0.0	0.0
enhancer_428	1	2.1406343942037096	0.325204238999494	2.808341270833723	0.0	0.6844570804293522
enhancer_429	1	0.7702963364736248	3.001032591230766	0.0	0.2442277081402311	0.12956639497633582
enhancer_430	1	0.23747794936164532	2.07021055515455	4.81826983531569	0.0	3.0125929123540827
enhancer_431	1	0.11342163682249073	1.5234932192199582	0.0	0.8108562129731105	0.0
enhancer_432	1	0.03904427484012718	1.1895491596766135	3.2241666245578635	0.0642720664961906	2.1533152877914867
enhancer_433	1	0.07882690827782468	1.4316607260685408	1.6348936120732709	0.5687727299181848	0.7702099483486291
enhancer_434	1	0.8228464355139703	0.0	3.4603998464336634	1.598961523886925	1.956622703184605
enhancer_435	1	2.083338986439031	0.05484227806583797	2.7252280441398606	1.6952883575909345	1.1752888263417929
enhancer_436	1	1.6082022932763709	0.0	1.84062800249998	1.8289171079614677	1.431273807873011
enhancer_437	1	0.20289066115699309	0.0	4.882802605451013	0.707328395148528	2.3034440079967773
enhancer_438	1	2.1355686356029246	0.9017792712118012	2.5828832141205975	0.0	2.268143940338157
enhancer_439	1	0.760845866921499	0.9939681573520345	0.33729220810122906	1.1094335483167292	0.6780004068955225
enhancer_440	1	0.9807814876088877	1.2313650496086987	1.0543317029381942	1.50871779643242	2.160103530880304
enhancer_441	1	0.7186679898381484	1.2199791535462767	0.0	0.0	1.5430461915484812
enhancer_442	1	1.1233417987166407	0.0	2.67059079773369	0.0	0.9978165637207603
enhancer_443	1	1.4715616219656307	1.3117475327308996	1.182707991555037	0.0	0.6741930730069262
enhancer_444	1	1.1438482167133706	1.538475759615947	2.521886367755523	0.4499465161381991	0.0
enhancer_445	1	4.414671606576789	0.5163665546465257	1.001040998404032	0.0	1.7390415133977482
enhancer_446	1	1.185540229900292	0.20351686656460277	0.0	0.0	1.4784424515666967
enhancer_447	1	4.542024412903664	1.1722240116794769	3.558329196848595	0.6867569751473572	0.17813756353680887
enhancer_448	1	1.2310946912037537	0.6017455941455762	1.7710333237808138	2.056772369671652	1.0577463044912996
enhancer_449	1	0.07134729028115228	1.0609518392672852	0.2808649501511966	0.5541412795083827	0.03904473308619094
enhancer_450	1	0.4563939140187028	0.0	2.6282531337434007	0.9621746954744347	2.391035836709854
enhancer_451	1	3.522324862308746	0.0	1.1917079992746344	0.9909283487819494	0.0
enhancer_452	1	0.0009350812804618855	0.6154163550974913	0.0	0.0	0.0
enhancer_453	1	1.2700622862964484	0.0	0.4165289977618527	2.064727455003627	0.2014093361549285
enhancer_454	1	0.0997519876512364	0.7008315663703784	3.0077215256954313	0.0	1.323238655649288
enhancer_455	1	0.002305799442635869	2.320151428214843	1.5901286505321013	0.9739513129127269	0.0
enhancer_456	1	5.753420717603219	1.7809584201583388	0.9546526450379553	1.3832483680741348	2.436799458966158
enhancer_457	1	0.05789187256610272	0.22880282959759202	0.34158375904613414	1.0417833595871868	1.892653840866218
enhancer_458	1	0.7571971556936458	1.0661917488986794	2.063787911340281	3.1000678999890185	0.33526683782640865
enhancer_459	1	0.3707661461091053	0.0	6.647006308043295	1.6776606849176392	2.1959920733948572
enhancer_460	1	0.12201050423822732	0.36051704473064133	0.0	1.8412454713544206	0.13421731919560498
enhancer_461	1	0.006636189052492289	0.17922291316499506	5.97430739255157	0.0	0.3816190230929809
enhancer_462	1	0.4109194051433476	1.5620343644497163	2.409686808086058	0.0	3.3066734285992077
enhancer_463	1	0.015372517118500193	0.0	3.860829063034168	1.5862098736482564	1.0671718736270766
enhancer_464	1	3.3941670563695387	0.0	3.4738271716343965	0.5214823214931739	0.6701925037531828
enhancer_465	1	6.71406844555943	0.0	4.151861067295961	0.1038335260125125	1.501955293349173
enhancer_466	1	0.023764550388066567	0.0	0.30355032057226583	0.38674495088028754	2.1615903437684336
enhancer_467	1	0.9589859721917087	0.332269250768412	2.64332142250755	0.0	1.0024477910854939
enhancer_468	1	3.301605618040802	1.2207088052349122	3.990984404195875	0.5029723056186562	2.226365903311438
enhancer_469	1	0.3614395629664556	0.4549289422876717	4.016043706440753	0.9901661675588553	0.5745537227058894
enhancer_470	1	0.021845672512656285	0.20227321639566864	2.294128365896236	1.3768712473687512	0.02103114014065255
enhancer_471	1	0.03484469962274005	0.0	4.5205639658344134	0.07452295252827512	0.0
enhancer_472	1	0.1506424335721996	1.6936545194601857	0.6082460312360136	0.25969403456415197	2.5863149816306295
enhancer_473	1	0.25678701036700374	0.09485130665219998	4.4091749385962995	1.182938140353736	1.0253162429494622
enhancer_474	1	0.2783982951781303	1.0067958966437014	2.3828672612041144	0.9702599537320722	0.9047310033120078
enhancer_475	1	0.013175182749552289	0.2958800264206829	2.518623743976714	0.585303252426813	1.3862113774526623
enhancer_476	1	1.5696605476167913	1.379576345992493	1.8271399872175393	2.4998788348729284	1.6288504380812636
enhancer_477	1	0.19378324219155635	0.0	2.926186589155133	0.0	2.183330858143397
enhancer_478	1	2.174262657669561	1.5374502815986992	3.2639451114786304	0.047767421766947316	1.7973546414421042
enhancer_479	1	0.0027837018819586584	1.625699361972838	4.55898049904791	0.16524175057937895	1.4368770596426605
enhancer_480	1	2.331879783234766	0.0	0.9806358567168674	0.6051856300596842	0.1438792615528054
enhancer_481	1	0.12309510520802938	3.7273014395505895	3.680152408169623	1.715028252548052	0.5605470343208812
enhancer_482	1	0.10865443079031566	0.0	3.47113626198707	0.0	2.3149549895303885
enhancer_483	1	0.23964994361524372	0.07151732025152135	1.5879662276143411	0.0	2.494429885637526
enhancer_484	1	4.274198501160444	1.5364362995339882	0.0	0.0	0.13671164854186424
enhancer_485	1	0.09529561945693976	1.0899270223075854	3.3971415753024816	0.7198250838695255	1.9770267795375391
enhancer_486	1	0.07196609547809131	0.0	2.2317716055263475	0.0	0.0
enhancer_487	1	6.334171018533896	0.0	0.0	0.9114035484172972	0.8441929673353883
enhancer_488	1	0.886393019536144	1.7806490051348942	0.5160278538155505	0.0	1.9829567132498707
enhancer_489	1	1.035592399518658	1.080866830863496	0.7273166812809888	0.8663213541992574	2.6852039348778503
enhancer_490	1	0.132102054986566	0.005879701361399814	4.492222692024006	0.0	0.004507867733747339
enhancer_491	1	0.10201333000220984	2.9424845904331463	0.0	2.131193786378917	2.308329748979199
enhancer_492	1	5.324780044131147	1.1089766291553267	1.570368306325432	1.2009076785770554	0.8209083633699246
enhancer_493	1	0.2985934935715851	1.004476951187545	0.22111826504420162	1.3930638826310524	1.959876743894081
enhancer_494	1	0.08229813542574758	0.0	1.0979822536938295	0.26892322621431464	0.15695756872881172
enhancer_495	1	0.46563970829077833	0.6702578909175873	4.218570484667234	0.0	0.0
enhancer_496	1	0.004422549393094874	0.1208843830117402	2.9923675052519165	0.6676775522681168	3.1788088238435708
enhancer_497	1	0.8452639119889073	0.722299320870873	4.9228535225808585	1.232800698244016	1.683080230622207
enhancer_498	1	0.3965451801957306	0.0	4.003580534710891	1.793561231166396	1.5808734266102997
enhancer_499	1	0.016073196457240098	0.19521049184209904	2.4102198550331035	1.4729871045107197	0.0
enhancer_500	1	0.0757042259857284	0.2944154404669832	0.3708692449347708	1.667224856597167	0.09184162069464197
control_1	0	0.0	2.4473571634914375	2.7325905232647396	0.11325320154965346	1.622059694749479
control_2	0	0.0	0.3733985806256357	0.0	0.40022591475904046	2.5016153804877375
control_3	0	0.5705239402540693	1.3593202267761852	5.229026336488822	1.8236663093651122	0.08596747502999458
control_4	0	0.0	2.021437446206615	1.3240657135940506	1.3984078110308071	1.2133480585785137
control_5	0	0.4588606060698202	1.6875084925724608	0.6150745988026473	1.2928241456030936	3.022480399369482
control_6	0	0.0	0.48081325515494305	0.0	0.7817338303488768	0.5066705679742995
control_7	0	1.8283300770214965	1.0045653784228334	2.7447777488162943	0.0	1.1441504714753625
control_8	0	2.5696073688856425	0.6443252034377942	2.459148960253066	1.320063578000088	0.5650443524111763
control_9	0	0.3545214825643358	0.0	0.0	0.8217864198451033	1.6120905698448076
control_10	0	2.003511814830377	0.0	1.1005979488158022	2.2021176475986617	2.1098707058105557
control_11	0	1.0126857305143075	0.021487089955229854	0.0	0.0	1.0758155085052767
control_12	0	0.33231084956116785	1.1886046878274934	2.4130978184810448	0.9753002550051677	1.2092644419556777
control_13	0	0.0	1.7105367054831606	0.0	1.5446929670958371	1.9570550978297594
control_14	0	0.0	0.4813815487082326	0.0	0.4906848326051197	2.1104911837201357
control_15	0	1.5633526751991331	0.10931289187327309	0.0	0.611686860352979	0.8916597718751144
control_16	0	0.0	2.1750505109739673	2.249889671698622	0.770763256185795	1.0754825889329114
control_17	0	0.2681619532230714	1.8050670643191706	2.2238305316527587	0.0	2.005502342136335
control_18	0	0.0	0.33869821823687835	2.0524577219997258	1.4128454916752062	2.079912974119054
control_19	0	0.9668668272995433	2.1059712550142615	2.066921706255628	0.0	0.0
control_20	0	0.0	0.0	1.8701819440209309	0.001109452879304973	3.285452582342795
control_21	0	0.6199315707695671	1.7031414063393608	2.507247556227103	1.4523645333180313	2.628029775715117
control_22	0	0.0	1.1313684008958969	0.0	1.5101872086191535	0.0
control_23	0	0.6338432750044296	0.0	0.0	1.5476180743986587	1.5815303298385903
control_24	0	2.072913601470636	1.4954569491858574	0.39834788139541966	2.811621679323947	0.9106314721327278
control_25	0	0.8902690663682777	0.8826467589792814	1.1077263372566315	0.585041943841221	1.6384484147522678
control_26	0	0.6319547046505773	0.5360595564048983	0.5850961618329567	0.0	0.0
control_27	0	0.0	0.22855796594449246	3.4720178658057437	0.2864511444170147	0.40663986933523544
control_28	0	0.811685783774486	1.4274526398033207	0.963218071359784	1.9083480551307708	0.911686907513193
control_29	0	0.0	1.5303560852598652	0.0	0.0	0.15996982962592032
control_30	0	0.7553356940362284	0.0	2.0617567362622724	0.18493823672919674	1.2141838251418926
control_31	0	0.0	0.1302657089314897	0.0	2.258046206019819	0.0
control_32	0	0.6154174255960413	0.16248223408646523	2.33206002453678	0.0	1.243559180313392
control_33	0	0.0	0.0	0.905370846794233	0.0	0.0
control_34	0	0.0	1.4875538833126312	0.0	0.0	1.1349767469547356
control_35	0	0.449663235359939	0.0	0.8920002085391936	0.0	1.2507182268265078
control_36	0	0.18770176123199428	1.4875272442621585	1.2277912087153608	0.0	1.6616223171761537
control_37	0	0.0	0.21312699358729803	1.0921574908351481	0.0	0.8870309858969134
control_38	0	0.18082992258135822	0.0	2.2898310448282726	0.0	1.5502177014970324
control_39	0	1.6790257494330316	0.0	0.0	0.9061418718215358	1.3675211374243779
control_40	0	0.3796374064940103	0.0	2.8975671698019623	0.43941800437046535	2.2684429776648978
control_41	0	1.4836606969363642	0.3614558032656516	0.0	1.6504223600800825	0.0
control_42	0	0.7468510068844001	1.2746346954469878	0.6997628121848085	1.5000342992864466	0.8706666698228583
control_43	0	1.5605882397578243	1.3745952627246787	0.0	0.27607782455909513	0.6925496160896534
control_44	0	0.5539793499508558	1.3597130592035032	0.0	0.0	1.970233484674865
control_45	0	0.7880608565145008	0.7003706029526899	1.1430592133350157	0.7535065811686432	0.0755106585662817
control_46	0	1.0838263680939093	0.6367716901332316	0.0	0.0	2.970327608812342
control_47	0	0.0	0.0	2.5944255172510218	1.491835010922061	2.6359241405387874
control_48	0	0.8021631805820815	0.0	5.508271221314715	0.0	0.0
control_49	0	0.9469903923473799	1.1912471219921	0.5753441796191019	0.0	1.1526309710191815
control_50	0	1.0920020627967382	1.2202165988843205	0.7044144804919213	0.34787528693358655	0.9601161878917138
control_51	0	0.0	2.2139056688364445	0.0	0.2956815806051526	2.349507320759201
control_52	0	0.0	0.09651825522157442	0.0	0.5143749543964551	1.1815797575367648
control_53	0	0.0	0.0	1.3494159246230835	0.7728258624922307	2.0654488677473193
control_54	0	1.5131962949635391	0.0	1.3148347029541427	0.08280391985435431	0.5941145949146904
control_55	0	2.115496540455335	0.0	0.0	2.3291439839529398	0.6216711009819889
control_56	0	0.0	0.8782382873860488	1.1024103896356197	2.0150144533491208	2.78671525626943
control_57	0	1.236828814085096	0.23852066696418955	0.0	0.0	0.6506914816607932
control_58	0	0.1738966710936678	0.0	2.6097514851575365	0.0	0.8529386845310084
control_59	0	0.20538780654150302	0.835053589644024	0.7051997678048286	2.7095315686363213	0.3603473134502403
control_60	0	0.0	0.9980876692615364	0.0	2.6251537520576473	0.0
control_61	0	0.02779480225763753	0.324407420539914	0.9901854351258249	0.2251172231064429	1.622695476432419
control_62	0	0.7982295654822662	0.0	2.012938924892028	1.815180474224625	1.848847542154779
control_63	0	0.7250189735223946	0.0	1.0150902209481851	1.4875518530910152	0.9982605206161463
control_64	0	0.051132456805387916	0.2120002722857532	2.9058639122193473	0.7503243019203316	0.45661380949699915
control_65	0	0.49083218462843275	0.621404380556106	0.7659191975978339	0.9139339405131651	1.6226110312950763
control_66	0	0.13948550358591183	2.2403448351783317	1.5281910433004113	1.4214154395823828	0.0
control_67	0	0.2646708304535187	0.6964711954304742	1.8850478756112243	1.1731194154952709	1.0559005029769706
control_68	0	1.4267184062851643	0.012320763669032009	0.9833103440571885	0.8265071459683876	2.117234622325005
control_69	0	0.7634881788866916	1.094481413900601	0.0	1.0538415336135007	1.6311131204710763
control_70	0	0.0	1.9358220938356125	2.7332129196736425	1.3217649235978532	2.2823012453640628
control_71	0	0.0	0.2890482163010265	0.0	1.0260316580761226	0.0
control_72	0	0.0	0.36143377163244816	2.428421547076103	2.030264823197563	0.0
control_73	0	0.15797131222574584	0.6205632734300427	2.9901870310251395	0.27258628548848296	0.0
control_74	0	1.3782388616308698	0.0	1.9767521358980147	2.258160897586432	0.3702730040847635
control_75	0	0.0	0.0	2.3359050888356006	0.0	0.911101945990919
control_76	0	1.4170548128783391	0.0	0.6547346613965985	0.0	1.019599855699471
control_77	0	0.0	1.0879293542941346	0.6464933075810435	2.717711312081454	0.7162309906168842
control_78	0	0.9944184784585026	1.4166307903205402	2.2789437377472996	1.3288656242376014	0.1801215374264311
control_79	0	0.0	2.8903584548755323	3.150092285090669	2.187237338389077	1.0386062355734853
control_80	0	0.0	1.6789392072559335	0.0	1.2751454889986487	3.237161030951435
control_81	0	0.770768949829131	1.1626328391266854	0.0	0.41159503909966	4.090615271696125
control_82	0	0.0	0.586011864671108	0.7517579247411373	0.5407996998497924	0.8022076868689088
control_83	0	0.8300815883510678	0.5919911906888485	3.9807315672755523	0.25160270412887065	1.032429566595286
control_84	0	0.5703969882839969	0.04800626475439296	0.7194232154704796	2.132318525829927	0.8420107931575671
control_85	0	1.4645479679584237	1.9635201997020721	1.038163511658897	0.9339954432980537	0.8954286409767497
control_86	0	0.0	2.0033880402205964	1.8366682450339638	0.0	1.904296582418295
control_87	0	0.0	0.0	0.0	1.576251924980311	0.0
control_88	0	1.6020512416150183	0.03791046908771445	0.0	0.0	0.6304299381542595
control_89	0	1.5179941647915753	0.28473650246814863	2.81019510232604	0.02149108171276226	1.7864549784725285
control_90	0	0.0	0.49616593723992897	1.715788326152898	0.0	0.0
control_91	0	2.008030029093472	0.8709860050845049	3.079818714614157	1.3564929764579294	1.5116533132048786
control_92	0	1.0650709079343894	0.5775322542688894	3.760587129538968	0.0	1.9513462467569473
control_93	0	1.9045327147498543	0.0	0.93881385946285	2.2562916607485617	1.131260959067763
control_94	0	0.3644571459483804	0.0	1.428966201303031	0.13140294581695	2.039056510301152
control_95	0	0.4450713192880411	0.0	0.28979492211025093	0.0	2.5954924354835525
control_96	0	0.19701669410327505	0.0804540747797976	0.914017939980584	0.8518482984062903	0.9685097807989882
control_97	0	2.2515756252358843	0.21203407137996994	0.5235016924621017	0.8591093728864618	0.06375114463932063
control_98	0	0.37626398341260187	0.0	0.0	0.0	0.1333839909313025
control_99	0	0.24967328708861525	0.1370667831938156	0.0	0.14154794031545614	0.0
control_100	0	1.4762363863358694	1.6432195932984492	0.07572918441433851	2.026962839873282	0.2193308128657313
control_101	0	0.8335345397348957	1.7136719063720922	0.6841135615984251	1.9648334078951661	0.451071766574906
control_102	0	0.9764605101267754	0.0	0.0	0.14832020429702164	0.0
control_103	0	1.385012716776283	2.3498027970475617	0.8467859315963642	1.021677575379291	0.8999996325177748
control_104	0	0.3351050962513148	0.488965618376645	2.4408280000555385	1.9217879017462667	0.5073571022113179
control_105	0	1.8349624362325725	0.0	0.0	1.6375135535505811	1.5352603061182037
control_106	0	0.0	0.7728651893201572	3.037411544508169	0.6822143099519695	1.5096803758604826
control_107	0	0.3646085684780856	0.0	0.08630758944728534	1.2339692885295586	1.6753249001327257
control_108	0	0.0	1.4143136538984598	3.392172590490038	1.0873201067566707	0.6120436247863376
control_109	0	0.0	0.7977526490300534	0.0	1.0665013016815736	1.4088189519055085
control_110	0	0.0	0.9463149130074943	4.109205846000657	0.9279851583657193	0.34146756492190644
control_111	0	2.274662187345545	0.0	0.7671867329701628	0.0	1.3716072721409773
control_112	0	2.6683266122448033	1.2549949592560872	0.0	1.267011120686437	1.8718429526579343
control_113	0	1.7357775539252822	0.6191575670255625	1.7376439320667392	0.7093593626058597	3.5756003939336685
control_114	0	1.1242458176907273	2.7213562186770295	0.0	0.5002473607748108	2.3365979100729906
control_115	0	0.0	0.8200615979673044	2.505544142923573	2.0252882848111806	0.062035012030782655
control_116	0	0.0	1.1056890312789993	2.1223673085198222	0.5714522236262958	0.6692393217580446
control_117	0	0.0	1.0544292148452274	1.807812612511733	0.9650191977121348	2.236971340073469
control_118	0	0.34689187384819165	0.11343165656517529	2.0736502132842363	1.7387802400665984	1.6769785056356405
control_119	0	2.0746571189199825	1.8106439717864147	4.1061005134672826	2.4802796334512234	0.0
control_120	0	1.176541670634668	1.8128454307789674	0.0836389609594198	1.632956107801602	0.0
control_121	0	0.0	1.2476991783366027	3.358576754144069	0.0	0.7617644864449676
control_122	0	0.03733882786728315	1.5077770218448374	0.0	1.365078455786951	0.23922125120946613
control_123	0	0.019509537983056324	0.9049407892853424	2.825381564900817	0.6827100716731825	1.356980999641158
control_124	0	0.0	1.2199467854566448	0.9102674672320353	0.7727808278265949	1.508854748311875
control_125	0	0.0	1.048499760381896	2.892063981338614	0.054123707229729145	0.4808240556247897
control_126	0	0.9681224582759103	0.0	0.0	2.1170940590400145	1.0647780738159032
control_127	0	0.0	1.0912818918622622	0.0	1.5640348734803067	1.2397162789095866
control_128	0	2.3932696419447432	0.0	2.254748883217398	1.0968049974022707	0.0
control_129	0	1.7790701419070905	1.3100608689651865	0.0	2.176714510411677	1.8342119305632307
control_130	0	0.0	0.0	0.7290960032935105	0.3039860821698387	0.0
control_131	0	2.0375548965527335	0.0	3.655569784741306	1.9888089518137502	0.0
control_132	0	0.0	1.6786913197385371	0.0	1.5116732789455312	0.0
control_133	0	1.299823365843677	0.0	0.2516212783167755	0.2013584320630496	3.4960295945794946
control_134	0	0.2925697377916649	0.2964495734162543	0.0	1.0438124771832746	1.4659540594784373
control_135	0	1.5583843954792975	0.4999496391334065	1.5937767995199654	0.0	1.869028377953566
control_136	0	0.7928471457392869	0.32529430307544777	4.224359276713807	0.0	0.8171300465987222
control_137	0	0.0	1.8085277832351272	3.1222307206946875	0.0	0.7980398263270242
control_138	0	0.0	1.4251033621266394	0.0	0.0	1.6112937469393165
control_139	0	0.21055220872921593	0.0	0.0	0.24918203525981475	0.48506579372280867
control_140	0	0.0	0.47046531839354827	1.4464153686380148	0.4796029114715478	1.4407823387449086
control_141	0	2.194330925844957	0.0	1.2448595684475376	0.49976092854458126	0.0
control_142	0	0.0	0.0	3.007998337041478	1.0267103848315788	0.8162039511545113
control_143	0	0.0	2.1091195955522277	4.234702239290143	0.897502995942684	2.1381334450398866
control_144	0	0.0	0.0	0.0	2.4246065919040465	2.0276239097125837
control_145	0	1.4441100267253804	0.0	4.249241504254503	0.0	3.4320545438025865
control_146	0	0.0	2.0494265509315066	0.46521049769362444	0.0	1.7456928448547526
control_147	0	1.0042539884016506	1.473653858565636	3.97621834715813	1.529975388090444	1.2522581246920612
control_148	0	1.3625016700678039	0.5587591185691515	0.0	0.0	0.16472469027012637
control_149	0	0.38634374428216844	0.1734693153848395	2.5736591866501515	0.5579967506130215	0.9082973233823062
control_150	0	0.4598142854901824	1.328669472764968	2.7153611095847268	0.0	0.0
control_151	0	1.2562051278494706	0.24134603617595735	0.7997339652405108	0.0	2.61305674341789
control_152	0	0.27604071329477375	0.5432374845664139	2.0004158190190573	0.0	1.5671113197773738
control_153	0	0.7208889871632026	0.5589606854176055	0.0	1.368041600885404	0.0
control_154	0	1.1797028579852622	0.0	0.0	0.7134928601959043	0.45392506278475786
control_155	0	0.0	1.8647111960243077	1.738191294708196	0.34401645491443045	2.221411583553689
control_156	0	0.0	1.2326056123695948	0.0	0.0	0.539153424604468
control_157	0	0.0	2.7521881170646254	2.916203103343883	0.0	1.3955436710031806
control_158	0	0.0	0.2514533919559808	3.4575366032346158	0.5850797378028751	1.3669981266294582
control_159	0	1.7686019079496142	1.5376373949827389	3.89234735569272	1.8012320879528996	2.2667498249306663
control_160	0	0.0	0.6201265783587228	0.37404930022005656	0.2567043647150318	1.1008107053524598
control_161	0	0.14034487602872736	0.10355553305878235	0.6603129222541845	1.279637639377639	1.4779999290044126
control_162	0	0.5184641307682363	1.2980553382279307	1.2746700277716203	0.3742074899488915	0.5002779623372808
control_163	0	0.8977823751046505	0.0	0.8362149934402695	0.0	2.7728384792607326
control_164	0	0.6240998870219437	1.3554434611980863	3.0395969064804045	1.4204442347666673	2.0427444032821054
control_165	0	1.3559472529651013	0.0	0.0	0.721073258000202	2.987375482968962
control_166	0	0.0	2.6199753243537174	0.0	1.90500474012379	1.8464511600110045
control_167	0	0.3551948382730291	0.37716748710521547	0.0	1.1858245163929249	2.699527763899071
control_168	0	1.9064860723707022	0.0	0.7423743112199812	1.5352386994499243	1.639077786218961
control_169	0	1.0507574729503955	1.903285513567302	1.1947034523382984	0.010879670383795448	1.6233474318887366
control_170	0	0.8585888849168515	0.0	0.7885409572726552	0.6846920128975384	0.7818143864760417
control_171	0	0.5885479458510618	0.41683631516336683	0.09413923809902958	0.2587911222360667	1.0690540432362565
control_172	0	1.4231428816511076	2.546416370734536	0.840283241914466	1.0205092247680325	0.016761987063955708
control_173	0	0.16951584557545368	1.0289139967723415	0.0	0.0	2.341760298636931
control_174	0	0.0	0.0	1.5977920505921899	0.0	0.7425813230422513
control_175	0	1.7810652625673233	0.6783915863986061	0.0	0.1954117367343733	0.9720800257572879
control_176	0	1.0474791537350878	0.0	1.6405260849221053	0.0	0.0
control_177	0	0.0	2.006582866223599	6.595174203169605	1.2745885084863866	1.9130048574209073
control_178	0	0.6256082487247716	1.6828720793197758	0.0	2.0319348575488063	0.33322689589181276
control_179	0	0.8409275105035083	1.2050044188688438	3.3343836561090883	0.0	0.7806746197572331
control_180	0	0.0	0.0	0.0	0.0	1.5616780519412585
control_181	0	0.0	2.7382458720717344	0.8589497983440125	0.0	1.3640342074494427
control_182	0	0.0	2.235708026389974	4.213657087342793	0.0	1.3563184857868285
control_183	0	0.0	0.0	2.8859396562782793	0.6098207800949728	1.7447664154731815
control_184	0	1.3888151674545925	0.0	2.7107721920936503	1.1140685390411815	0.0
control_185	0	1.8920399518828699	0.3263919179720395	0.0	2.143295829373057	0.3930123106159733
control_186	0	0.0	0.28960070915471947	0.0	1.8310123697535323	1.0120312160310967
control_187	0	2.1036904195293165	0.630004763846927	0.0	0.8044062341653347	0.0
control_188	0	0.9588845836813706	0.6546423420936123	1.0213748859988396	1.1481471522532412	0.3637231168767482
control_189	0	0.81903381241007	0.0	0.0	0.0	1.6543900382695544
control_190	0	2.096237583350365	1.2306899428979272	3.7776686334693923	0.0	1.2613045314854952
control_191	0	0.968621638648081	0.38704871229688104	2.4311560295234695	0.8296336826641095	0.0
control_192	0	0.0	1.40921409944277	3.1630199066985356	1.433781683420021	1.7126069364689382
control_193	0	1.2068564449496382	1.6510699395202377	0.2482750996989851	2.0568434380585545	1.3364220113207885
control_194	0	0.6327436519932872	1.353044691660299	0.0	2.1715087044096455	0.2968845909115798
control_195	0	1.1466731263426022	3.2061385269849354	3.3816408798400337	1.2035769398722818	1.2217706683990528
control_196	0	0.3012434714356945	1.0431779302463353	0.837137823333579	0.0	1.310249854878113
control_197	0	0.4953640569633598	1.8993964042659797	1.553669876910467	1.1101105164573801	0.0
control_198	0	1.4249267846872975	1.129493165691938	4.8508439619907655	0.0	0.8614266410930603
control_199	0	0.7800138306564617	0.7693424865923147	0.9858009522027383	1.3691472014608328	2.0910509527687253
control_200	0	0.0	0.0	2.4743129513404907	0.12677531442987422	0.4634872813009714
control_201	0	0.0	0.0	0.8392783849972508	2.37734495121179	0.0
control_202	0	0.5357031497196724	0.0	1.388668973819999	0.35755225659879863	2.1256269782963417
control_203	0	0.3295270233718161	1.5341119610525777	0.0	0.0	2.64016351160363
control_204	0	1.3720257823455908	1.3639428198518488	0.0	0.901356973215785	1.288102161999786
control_205	0	0.6961442016502363	0.7829465378188287	3.945593591681156	1.4435401202927696	2.677050686168175
control_206	0	0.0	0.0	0.5043267224718132	1.7546580436386763	0.6222970691724579
control_207	0	0.0	1.5730273458850077	0.0	0.8308540388998866	0.0
control_208	0	2.165011147812074	1.6798737285920242	3.1843500139198686	2.38968216712986	2.385178335678687
control_209	0	1.061477989251432	1.4756224549853916	0.0	0.0	0.0
control_210	0	0.0	0.7604145175864413	0.0	0.09346450862810074	0.0
control_211	0	0.9638437439169061	0.0	1.0224212782226052	1.1124046563015952	0.5112960369360646
control_212	0	0.0	0.3280034526586027	0.0	2.266126885049764	0.40550387877760774
control_213	0	0.37521969744222783	0.0	3.470833283158356	1.4748521923190485	1.2777305161215873
control_214	0	0.0	0.27515713765309974	5.698749520372953	0.0	1.2068112783404161
control_215	0	0.0	1.495531894325598	5.2238801837279665	1.4226192903154873	0.8727353531759584
control_216	0	0.08754822915174831	1.090860591569463	2.725117828707841	0.7222258794461973	0.8344686615772453
control_217	0	0.0	0.7189237492013651	2.46480424535	1.5787938036478324	0.9261689712440964
control_218	0	0.0	1.479013690420194	1.6292008706689027	2.518661678732008	2.2483082901850655
control_219	0	0.0	0.0	1.326985145160415	1.6153668035432531	0.0
control_220	0	1.6355733627573115	1.2861755377876927	0.6344065204991354	2.486229571313488	2.7654694666193116
control_221	0	1.7124857402504148	0.8899476581300683	1.1945947359626488	0.28280749372746483	0.5026488223553245
control_222	0	1.4622010106207008	0.0	1.0715527268906238	1.8091558432901202	0.8256773887348724
control_223	0	0.7753381160584578	0.0	0.0	0.35053817695990946	0.0
control_224	0	0.0	0.3519757167169013	0.7567633958491204	0.6232208118284692	1.307623665833116
control_225	0	1.2684113540966861	1.2404262423880268	2.111991754840765	1.5254519124612576	0.2656549298614487
control_226	0	1.3102282502912748	0.8732431063165288	0.0	2.2998742439462183	0.3252286129564149
control_227	0	0.41099819514985164	0.2795478248777771	2.858403759360648	2.32462389192027	0.7612112503109436
control_228	0	2.575838141652828	0.8817649397231981	0.6759123517519587	1.587078224066539	1.820292693462334
control_229	0	0.0	1.2071955812903203	0.0	0.289440711857738	1.010583693522046
control_230	0	1.2447484996828386	0.11424183186722592	1.5770899847706144	1.2249667847955186	1.9983067642466907
control_231	0	0.0	1.7729811762746355	0.0	0.0	0.0
control_232	0	0.11662550184383963	1.6875309760862933	0.7220133459764952	1.290144707823794	2.011326940626012
control_233	0	1.0733294344264173	0.0	4.015122044390687	2.4965958283692675	1.620385430032596
control_234	0	0.9638944511206978	0.31812083054644974	0.0	1.6906381485701019	1.6884198028207695
control_235	0	0.0	0.8991233093416281	2.9805677923810583	0.9775713024747757	0.8956222530944181
control_236	0	0.0	0.2156967594089249	1.2688111577418006	0.001596108848206601	0.4378704548162663
control_237	0	0.0	0.971972935937545	0.3802077457850349	0.7765653196123243	0.476892738865186
control_238	0	0.0	0.0	0.7519973630250695	1.3109135797517566	2.5757848000136923
control_239	0	2.428780559095634	0.0	0.3480112896961297	0.8186742358846226	1.5998387288862816
control_240	0	0.0	1.1759334249167201	4.063407864952069	1.6253806923035543	1.6462849877258372
control_241	0	0.0	0.0	0.0	1.930204131796807	0.7407512074003298
control_242	0	0.0	2.9624516259777027	2.89075018030825	1.069292534417853	2.6163045888322882
control_243	0	0.13990597518662445	0.0	1.55527358721015	0.0	0.0
control_244	0	0.39232545084907855	1.0886216467169543	3.1964273473355442	0.0	1.455344069582579
control_245	0	0.0	0.647639160291517	1.753551577855477	0.8511109724432445	2.034907979973452
control_246	0	1.7639836306737102	0.0	3.1597323644195816	2.3659382281610926	3.3774137771145734
control_247	0	0.22441325358785813	0.0	0.0	0.0	0.0
control_248	0	0.0	0.0	1.0225057808415106	0.15973056060903623	1.076883710930961
control_249	0	1.6714368178920935	0.0	3.527712110225597	2.4668399168589454	0.04168191948183886
control_250	0	0.0	0.0	1.4693441536032315	0.045863392202499464	0.0
control_251	0	0.9015780360777349	0.700674065614617	0.0	0.0	1.1376219050810592
control_252	0	0.0	0.6517116924831691	1.2960250845892936	0.7251981918032904	0.0
control_253	0	1.667266855868674	0.0	4.220762538941008	0.9346512622351254	0.37455896232167496
control_254	0	1.4072901557120878	0.20036935855835142	2.93627816112729	2.252523487935397	0.9421504642502269
control_255	0	0.39235017008891176	0.5655744095117693	2.5975172024538455	0.7754293287770728	2.9863953246886323
control_256	0	0.5379816021235773	1.1265702082192286	0.0	2.327572591498104	0.8655190604650335
control_257	0	2.0389687814513864	1.8519996546492576	1.5443961496506544	0.024860348066361504	2.503947057228949
control_258	0	0.0	1.8625708488924921	1.753208366880858	1.1470034191294456	0.7914196585818534
control_259	0	1.9528063622016707	0.0	0.7042872383158514	1.5172617425684272	1.3499019465842361
control_260	0	0.0	1.3037054306428684	0.0	0.0	0.0
control_261	0	0.0	2.209498276959195	2.9906003364604787	2.4421981145046514	0.8670558180626978
control_262	0	0.0	1.4414935596767222	4.694547702659786	0.1010341865767389	0.10132666831891457
control_263	0	1.3482459159286495	0.2282924978303157	0.0	0.38761976795659203	0.0
control_264	0	0.6415990724314535	0.0	0.0	1.8911570552548282	1.0087562686113982
control_265	0	0.8946004261178346	0.0	2.322064953008417	0.0	1.7126535348413903
control_266	0	2.0800364097972843	1.3199044738866048	3.469023677295487	0.0	0.9961716605276478
control_267	0	0.9660559078175361	1.4416690779005334	0.0	0.0	0.985961884630641
control_268	0	1.5960678925831988	0.0	0.3791435763640749	0.9537833778108353	3.0929924091703067
control_269	0	1.4797727329876795	2.2240111680761987	2.6093800179057496	1.0062094273689457	0.0
control_270	0	2.0426668668304293	0.11372924017495961	0.0	1.360092664102639	1.1971555564317178
control_271	0	0.758790724280233	0.46381951290124973	0.0	1.739639482280796	0.7088178408217118
control_272	0	0.7856856866229517	0.0	1.7201476817466066	0.7462881841223384	1.3139623682742712
control_273	0	2.2156851024475257	1.277472471917697	2.895350600444216	0.47483459860953753	0.834660179623405
control_274	0	1.7986322052142476	1.794787324271117	2.3757619356028394	0.7374293407568241	0.13355159689720497
control_275	0	0.7992620933820953	0.44748865217111505	2.849216162795469	1.2030734302374229	1.002443132240181
control_276	0	0.4240932146281673	0.0	3.9605970407831435	0.7676140570692335	0.0
control_277	0	2.0051284181095106	0.0	0.9485440738521712	1.4016049330225986	2.1031263796346327
control_278	0	2.3779529114485882	2.637763321189099	0.2551570241629192	0.7415689552889624	0.0
control_279	0	1.1308694945746085	0.8510965174469707	1.5264362984324986	0.9908231986900949	1.5603565330995683
control_280	0	0.0	0.26226052091755203	0.0	1.5923253167615194	0.12001470296578176
control_281	0	0.9829778588714295	0.0	0.8503378915652554	0.0	1.247323213970328
control_282	0	2.1436519938893612	0.0	0.9232956646061198	0.44206888544469425	1.939817318095841
control_283	0	0.30504147941431914	1.017185808725586	2.5073871878317626	0.715060694534757	0.6267293094508919
control_284	0	0.0	2.7686190693358146	2.659961400939072	0.45456277150031743	2.2759737123039745
control_285	0	0.03538034348273217	0.0	0.27647957213380026	0.61539385280806	1.0437593616395044
control_286	0	0.7118536738577652	0.7308340182230093	5.821470730764512	0.0	2.3686272833230944
control_287	0	0.0	0.6520205598874561	0.0	1.7057773311310092	0.0
control_288	0	0.0	0.0	4.09501273421259	2.449930253996818	3.05672188971886
control_289	0	0.0	0.0	5.973802687918159	1.891094876614947	0.4976904177968229
control_290	0	0.8415355494967649	0.0	2.677454952926643	1.3412266556473065	1.7282814027294218
control_291	0	0.9645185877661653	0.34961384012974345	0.5101125296763478	1.058843741805804	0.0
control_292	0	0.0	0.972904360752375	0.5014422585594823	0.9547359392409593	0.9474731220375533
control_293	0	0.0	1.131457212299717	2.9840216020073664	0.11004546301894735	2.5332380377422274
control_294	0	0.5725223197365268	0.2760332206267068	0.0	0.0006002423414721569	0.12998980310799702
control_295	0	0.21111766525894454	0.9388758305405276	0.0	0.21639539398498286	1.7654017603771774
control_296	0	0.9389959314765646	0.24410280735549728	2.621575081001737	0.0	0.7597018665619943
control_297	0	1.1168563820013047	1.5039205148247023	1.4132981046175848	1.4016795567417777	0.7859394659594741
control_298	0	0.9839884901943967	0.692779134254433	0.5730840097024459	0.0	0.373198113138246
control_299	0	0.5722802092516425	1.62691488575507	0.5053320300098241	0.820451541655608	2.734884482624132
control_300	0	0.0	2.1492963121386595	1.2592073154557832	0.10630729416348017	0.5564630897549667
control_301	0	1.3103211078706871	0.4505124741873281	0.0	0.0	1.3718770661729032
control_302	0	0.7393047405523395	0.0	0.0	1.1201124204117099	0.0
control_303	0	0.621927698212464	0.0	4.7851251008511735	0.05504641700785873	0.9545924093796708
control_304	0	0.0	0.14098949281305234	4.627767587702495	0.013573875510555777	0.47325276712224174
control_305	0	0.0	0.0	1.0165749494845502	1.7832056834025716	1.209299803051938
control_306	0	0.820613966123334	0.0	2.5925714815600447	0.973647405388722	0.04672349370935813
control_307	0	0.0	0.0	3.9121546356448693	0.40191407258659395	0.0
control_308	0	0.7592241759950851	0.09016972619628294	0.0	0.0	0.8376033138238441
control_309	0	0.49747642495435895	0.010299407927993331	3.0999010826800886	0.7774969833430037	0.6270654440413164
control_310	0	0.0	0.8871783225264382	0.2755867193325555	1.390436255764929	1.6950508563143702
control_311	0	0.0	0.8439526507057227	0.0	3.4768927268261063	0.6971893368849689
control_312	0	0.0	1.6920603443105393	0.0	2.4184661946251156	0.27977620730498165
control_313	0	0.0	0.0	0.0	0.0	0.0
control_314	0	1.024234402874196	0.0	3.461015668364883	0.13266695650801674	1.4264838171212573
control_315	0	0.42936956807688065	0.7633615648926566	2.5484857973956183	0.14891989271723038	0.9746266086149511
control_316	0	2.432040928962641	0.0	0.0	0.9416981689633342	0.0
control_317	0	0.07083548668633305	0.7420568230907094	0.73101369963712	0.3794130391225901	0.0
control_318	0	0.6327248717552383	1.4031828904071704	0.6212862339663703	2.205611099798152	1.9740352527284073
control_319	0	0.0	1.203755228396187	1.919516285826091	2.4286825424498373	0.0
control_320	0	0.8130709877128466	0.754484460708841	2.120730514011965	2.610697699936001	0.3638177519328024
control_321	0	0.954835856948661	1.04479784216118	0.0	0.0	1.6175890400430264
control_322	0	0.11077681969083314	0.03209149343940254	2.907265658054195	0.990061129746118	0.0
control_323	0	0.8999401607772751	0.1281501252874045	0.0	1.440190165039053	1.9035570748427149
control_324	0	2.165360844969988	1.7494960738040843	1.5275151347472975	1.5579841891656994	1.7830837570320461
control_325	0	0.0	1.5052362108497386	1.1037141340904124	2.0286650429900073	0.0
control_326	0	0.5805249987078906	1.2585824436196806	4.535890886575585	0.5503319778777063	0.3431058729310542
control_327	0	0.0	0.0	2.057873947975086	0.8231877119865139	2.1597057117043867
control_328	0	0.0	0.0	0.16805836960271303	0.6103730922104978	0.2780684780030268
control_329	0	0.17042117206869883	0.9750109898949723	1.8658287319514675	0.5049469437242107	0.8247700526986733
control_330	0	0.8902924794413647	0.0	5.123618843461872	0.10444806941187812	0.4178010599717147
control_331	0	1.8852306098744749	0.0	2.8454053181306302	0.7531853382434368	2.3601366188587516
control_332	0	1.559911179020044	0.7562191490129356	2.422659440226579	0.0	0.6509673097888047
control_333	0	0.0	0.32366190199278616	2.0356638882447506	1.4633668501868087	2.1048625969075045
control_334	0	0.0	0.0	0.21808548789116866	2.0104715829554958	0.9052899122194581
control_335	0	0.043251474425333336	0.25527577710186583	0.0	1.9448346686959106	2.066363801589863
control_336	0	0.0	0.9501842712395752	0.4693323137019412	0.0	0.5709891630278139
control_337	0	0.933282650701334	0.14973031067183667	0.0	1.5201597757018785	0.0
control_338	0	0.0	0.9397897512089723	1.110165975566838	1.8523233118057538	2.4588783389538245
control_339	0	1.4013464176281873	0.41326596697641726	0.0	0.0	2.223372222351367
control_340	0	2.456984429822727	0.8267914554123332	0.0	0.07524703152198287	2.0834128840117416
control_341	0	0.0	0.3664490675361683	2.4238168513395064	2.281279080933396	0.3056172805823931
control_342	0	2.4939616006391416	1.744915955317167	1.1540540814771543	0.08076155916317262	1.4577575545231445
control_343	0	1.186214269804665	0.0	0.0	0.0	1.0151455864256949
control_344	0	1.3439630110208307	1.481645180474202	3.2650984380073353	0.0	1.2081982116052081
control_345	0	0.7372161552861133	1.8869289549640076	1.824620744734521	0.0	0.9186367211797747
control_346	0	1.0347450187779845	2.586628767130291	0.5700416268240383	0.0	0.7884220704194019
control_347	0	0.518857261090018	0.6834438045115145	0.0	0.0	0.6846938005524174
control_348	0	0.0	0.0	2.8687416233315646	0.0	1.9147517044491935
control_349	0	0.42101225567687417	1.7529060661123594	0.003813290916369616	0.0	2.0698030067377466
control_350	0	0.5147663451464979	0.08631499695557066	3.044223778386518	1.2619753969172183	0.681911079924481
control_351	0	3.0362279210459335	0.09868847416217241	2.886515240006163	0.0	0.8521715468667932
control_352	0	0.29443463052111607	0.9074081147567814	0.0	2.7972382661737	0.0
control_353	0	0.0	2.3887787058447176	0.742806018540295	0.0	0.520902663034985
control_354	0	0.07083213409415745	1.8670597294114342	3.277228873777994	1.0017847180970605	0.9577087893764027
control_355	0	2.1700240371606028	0.0	0.0	1.0930564992474086	1.0070438709804161
control_356	0	1.166225169847782	0.0	1.8301966284968687	2.1831140795949144	1.8085212150114178
control_357	0	0.0	0.280047874087762	1.2329087750887937	1.931669768570664	0.8510506684337834
control_358	0	1.1692067188382933	2.2539268452958954	0.0	1.1257148652275841	1.727496561885756
control_359	0	0.0	0.0	0.5847273113372832	0.0	1.4676390288595629
control_360	0	0.0	0.0	7.750408336076543	0.396333971908226	0.6739829764072061
control_361	0	0.9728275689409778	0.581982362123159	1.0651096021298172	0.7320527503153075	0.0
control_362	0	0.474318951856602	1.3923957547889092	0.0	1.3614232820369843	0.8649834854539529
control_363	0	2.273853698971277	1.4875942450086983	1.2605265534964047	1.5269542037313746	1.1772208745019157
control_364	0	0.0	0.0	0.0	0.39252524771596164	0.4040732078779975
control_365	0	1.6475217263845208	1.733590409639468	0.5158716814054278	0.42431515294060745	1.0172458335161514
control_366	0	1.5366871709617158	0.5031981153312773	0.972713963504823	0.0	2.2218858697599115
control_367	0	2.152877209358825	1.285772073002737	2.2519621528431863	1.8555707406066033	1.3300961423578055
control_368	0	0.189984401832259	2.1655256970593513	3.389386696553102	2.0296308213837575	0.576180474046496
control_369	0	0.0	1.5581774364839616	0.9867994977976815	0.051676746151153474	0.0
control_370	0	1.5858317524075332	1.3497724980372294	0.0	0.0	1.6705122943962718
control_371	0	0.17814110668355698	0.5381628157208797	1.1729290834947765	0.0	2.46125725644231
control_372	0	1.3229838271683936	1.2406476201679046	1.2696740896492966	0.0	2.101059051541346
control_373	0	0.2140833678931751	1.3968946845647032	0.0	0.9941824776214623	0.0
control_374	0	0.0	0.6433227609099189	0.8776766504747171	0.0	0.9827704003587602
control_375	0	1.5367707468960903	1.8344460997495662	2.106843207148359	2.8512847124416183	0.0
control_376	0	1.263346202761515	0.0	1.3169663926665374	0.0	2.9117792887439036
control_377	0	3.2195853166342503	0.9921623210268997	3.194580910336656	0.0	0.0
control_378	0	0.656922476541097	0.001950304828601368	1.8964714771581739	0.4991784805033991	1.0400760589400246
control_379	0	0.13454735931739042	0.4337119267968659	3.86454714913984	1.5161730033791367	1.6711643813030475
control_380	0	0.0	0.9391088958640454	0.0	0.17042519801402034	1.7015838123279097
control_381	0	0.6826608799157505	0.2340955079331054	0.0	0.0	0.6909241080925225
control_382	0	1.3540687804403384	1.3031279777609637	1.7954779000203178	0.0	1.3723614662136219
control_383	0	0.5630655037019302	0.9440091851509617	0.3795990494040894	2.393170901899426	1.8014700266515555
control_384	0	1.1382209129073788	1.435854265236098	3.0146347168679797	0.07725477015758742	0.07474743334236411
control_385	0	0.3444789279639308	0.014421246305508673	0.0	0.4879213097700366	0.830455885527628
control_386	0	0.0	0.29488689002552615	2.910670343733859	0.04907878671484456	4.29281050139919
control_387	0	0.19852335380984304	0.44000740572531116	0.0	0.06941698059312029	0.8483126319157639
control_388	0	1.546293809051487	0.0	3.972000258647584	0.6866954475204314	0.9527792389172743
control_389	0	0.7080760404592888	0.5781911549361908	0.19315227937236112	1.1828738419798996	2.0736448876729945
control_390	0	0.3344275195814523	1.2901079824613793	0.0	0.8246235260393164	1.5689256932073925
control_391	0	0.2718942182128558	0.0	3.7945295528779766	0.28893585054795745	0.7124182301171815
control_392	0	1.2252983938927784	1.3718257681422394	0.0	0.0	1.8559752000479925
control_393	0	1.4174076672991212	0.0	0.0	0.0	2.4637143540605564
control_394	0	1.5257111498066507	0.31521980405818173	0.6188593193864502	1.29923276862527	0.0
control_395	0	0.20222959277198527	1.0509836332148035	0.0	1.1103468658154672	0.0
control_396	0	0.0	0.0	3.483349638272683	0.1987873923169725	1.3205281075725952
control_397	0	0.7623984515654147	1.5495837651806752	0.9139333466985228	0.28388929548687236	1.2760394072052332
control_398	0	0.2640160332772173	1.8545841871459579	0.0	1.3301419735659792	1.7700165915589468
control_399	0	1.1969195613454537	0.0	0.9904650300182589	1.6325136129639772	2.209691207247674
control_400	0	0.26311112681886367	0.0	0.0	0.0	1.0634031210175636
control_401	0	0.0	0.0	3.1365453106156984	1.89556527497479	1.1569789273263842
control_402	0	0.23701358117396737	0.0	1.8860706192653478	0.7812147441281266	1.7830208579327185
control_403	0	0.5859712182441378	0.0	3.1006856555251936	0.0	0.0
control_404	0	0.19393070970057552	1.866864397217097	4.843447358611888	1.4923289835189113	0.0
control_405	0	0.7193905487331386	2.307832586857871	1.2171490499423305	1.0384808934758138	0.0
control_406	0	0.0	0.0	1.3661383340966495	1.4813916268271736	0.0
control_407	0	0.41340123120751504	0.8728342410038761	0.2681485485591817	1.1953703529779198	0.29011306228390876
control_408	0	0.80064953039184	0.0	2.178216890234136	1.4879608952647605	0.840872725839477
control_409	0	1.8303563489117756	0.0	0.0	1.3189198831064015	0.4151984194053675
control_410	0	0.45253357825618573	1.6975514368475482	5.606604331635322	0.09558656016485179	2.633764127242067
control_411	0	0.16730394770477836	0.7945169691525601	0.0	0.9743451008263083	0.261907887457963
control_412	0	0.0	0.24655362900557232	1.390806792423169	0.0	0.366072757106751
control_413	0	1.8235023320063146	0.24794276214361788	5.2564116139857	3.645536645014312	1.8093010385466073
control_414	0	0.6252181238989932	0.0	4.106369686807943	0.0	1.8872005168248416
control_415	0	0.0	0.0	1.3451858124012095	0.9009581104794501	0.33268830694250906
control_416	0	0.0	0.0	0.0	1.7562282906723727	0.27611710697940417
control_417	0	0.14939996883325235	0.0	1.7008644466069573	0.0	1.6759155122763492
control_418	0	0.9491639143810906	1.9279862103976773	0.44317240702504135	0.0	1.155900218467027
control_419	0	0.0	1.3442569235054072	2.8668187782772625	0.7499662605865269	0.7161696733453218
control_420	0	0.18536281335279187	0.41179772277205323	4.102140884264777	0.9482454085374916	1.1973289991909446
control_421	0	0.0	0.0	0.0	0.0	1.0947251538349096
control_422	0	1.4760952526363167	0.9672238115443625	0.0	0.0	0.09858193422869055
control_423	0	2.2790407605843566	1.0314593345111198	3.157187281412151	0.4698831896373107	0.0
control_424	0	0.2476509022676151	0.0	1.8183473893346038	1.8369949145044666	0.6846717024126803
control_425	0	0.0	1.0505091597106129	0.0	0.5083986181662875	1.713407674208105
control_426	0	0.19702165573108205	1.8877814079256714	0.32180308235667465	2.5089073959263897	1.7113703173908845
control_427	0	0.0	1.5074779910353255	0.0	0.3418633106721982	1.2728148808012616
control_428	0	0.547720534519624	0.5929167361478188	1.0726134455229779	0.0	1.2711992034609558
control_429	0	0.0	0.8885759361426055	2.569119251512617	1.7637045564910392	0.48522906686103584
control_430	0	0.0	0.0	2.6381287250367316	2.375865138359145	0.726280462177383
control_431	0	0.0	1.91280004312978	0.1231193118904107	1.2200715464489669	1.3475926674352028
control_432	0	0.0	1.5718177994333615	2.310958968445769	0.9949773260382084	0.13110801454722243
control_433	0	1.4862457220537975	0.998008352758415	0.0	0.0	0.5050100532461709
control_434	0	0.0	0.8087720849528743	0.8322793437583398	2.251956453696777	1.2337691822536576
control_435	0	0.5310457110119128	0.5550791253150904	1.1811213088838735	1.8494014060615662	1.415379091502735
control_436	0	0.0	0.0	0.4137569743483813	0.0318295890726652	0.680017091376888
control_437	0	0.5692298890468226	0.5854936276569515	0.0	0.0722939497748275	0.0
control_438	0	1.5288345220723556	2.417509090621816	0.0	2.949176371736627	1.5571222465344134
control_439	0	0.2784314006424029	2.2628876044499973	0.0	1.2545523662973812	0.5402858640378108
control_440	0	1.8612510154667725	1.0473722640046597	0.20742104543094075	1.357384559689817	0.33320889232628326
control_441	0	0.9210199376591286	0.046075550584716574	2.551511660708923	0.0	1.1496317007850625
control_442	0	0.0	0.0	0.0	0.14511549837827953	2.8648637702702895
control_443	0	0.0	0.244043733460445	0.0	1.8348075408773288	0.033752041100334695
control_444	0	0.8715703007152534	0.0	1.4141421704771342	0.675045485854477	1.943643320206861
control_445	0	1.5057307559005693	0.3536787512277887	2.3207848035393397	0.251399009148507	2.368787745395609
control_446	0	0.289674476125056	0.0	0.0	1.2107818089557014	0.6720720218921536
control_447	0	0.10061293422947082	1.395539064690126	0.0	1.2104357220502122	1.6777177276494908
control_448	0	0.29825577885057436	0.0	3.3861445781075976	0.0	0.548258232848599
control_449	0	0.4942375002434681	0.0	0.0	1.4199302740195336	1.8539106929621316
control_450	0	1.667590325450146	1.281752703467169	2.2158951322861395	2.2404918438234125	0.2693442939068815
control_451	0	0.7304875987238917	0.0	3.0459044634909165	1.0892423440175087	1.6595996001637887
control_452	0	0.48797618777938895	1.9569330543548804	2.3700991742425437	2.3643277577138675	0.2276771010575256
control_453	0	1.0081305840182457	0.6376470060012853	1.5572345227666382	0.8953343997621142	0.0
control_454	0	0.0	0.0	0.768878004549683	1.401628655372954	0.4296188663732383
control_455	0	0.0	0.8770735197309472	0.0	2.1499868631219674	1.5185839458418249
control_456	0	0.0	1.5986737440722343	0.0	0.7795404951220419	0.0
control_457	0	0.5706890177747058	1.612836459905762	3.557813831321299	1.1286131910628339	0.6821376229212037
control_458	0	0.6622983453094919	1.3650270695389568	2.428359924001627	0.008585638818445651	1.2440295000148198
control_459	0	1.6596047710617463	4.215330219510441	0.0	0.0	2.7839780104583456
control_460	0	0.0	0.8295365611937217	2.2588843903401274	2.4243619934742457	0.0
control_461	0	1.1607413267231645	0.0	0.5908931198927756	0.05289338043592473	1.588105887520244
control_462	0	1.53458049871401	0.7336880548647052	0.0	0.7654990346663648	2.027008841006218
control_463	0	1.2982227821283177	0.42874822543849306	0.0	1.8030609726280937	0.4648178259850796
control_464	0	0.9316844346788247	0.7409619222127601	0.0	1.1719898187087807	0.0
control_465	0	0.0	1.0086710948554989	2.790098806869346	1.6529454186602022	0.0
control_466	0	1.326722952183476	0.0	0.21925719679955324	0.0	1.8841573374977636
control_467	0	0.0	0.0	0.0	0.4457151902773224	2.7005537197396765
control_468	0	1.5506190150953914	0.0	0.5240345840667309	2.0787288467077154	2.306263858062299
control_469	0	0.6835831985849423	1.4964890411695215	0.5186395080151863	0.5791635121253516	1.6870850260735186
control_470	0	0.0	0.0	0.0	0.3145885045185984	1.8486500645981883
control_471	0	0.565353311548245	0.0	0.5071302489380953	0.25145397734949515	1.6614710181470134
control_472	0	0.544377245839577	0.7057030848861591	0.4354770929275926	1.4260134443947747	1.1645266456061938
control_473	0	0.36761129758768174	0.09323929670406195	5.246246983418936	0.0	0.0
control_474	0	2.583227453280188	1.4535484179179776	2.21910953360628	0.0	1.0084478143556088
control_475	0	0.1640126441538186	0.0	1.2033242992479907	1.2638316287271907	1.6824514279426173
control_476	0	0.0	0.0	5.0305696900760095	2.3757524538315176	1.1933898401749703
control_477	0	0.26474522296006164	0.0	1.3069554232372873	1.0427293345508648	0.1655410046361595
control_478	0	0.4313910580181234	0.9073807075878101	2.0845096659649274	0.0	1.4212272857388133
control_479	0	1.8606580957956018	0.0	0.0	0.5748066468170772	1.2366320027529678
control_480	0	1.9854707983933322	1.396970313942385	0.0	1.2122231684197162	2.340873317473621
control_481	0	0.7320265703008741	1.6816963500787692	2.022823085507129	0.0	2.140412460982268
control_482	0	0.9063181730284444	0.8633562634644361	6.406416262887522	0.0	0.5408781163573222
control_483	0	0.0	0.04786915258765123	3.0834867785754425	0.4755260662587175	0.834864633190161
control_484	0	0.0	0.4061332623306333	0.8296044988045632	0.18708973130555484	1.94980357094541
control_485	0	1.8302906691043475	0.6622656164947021	0.033448197619772135	1.0397122534995782	0.0
control_486	0	0.0	1.6994797018034467	0.3800945590696422	1.2670176200979357	0.0
control_487	0	0.47733341509704685	0.8237438342255008	1.323457082734558	2.673296500376961	0.43190204744594385
control_488	0	1.1415295175197553	1.4043512917482435	0.9158195107199479	0.8626078600252584	0.12035385459266656
control_489	0	0.0	0.0	0.0	0.31742737123917647	0.42940575672667436
control_490	0	0.0	0.4200142782632432	0.0	1.0160060381708733	0.0
control_491	0	0.0	1.9682114312161838	2.2418730640223656	0.4841827146421057	1.4929926956064297
control_492	0	0.0	0.0	0.36391530804691885	0.682883073247603	0.3997498666965139
control_493	0	0.0	0.16780579347897795	0.0	2.135505524877952	1.0494382918593026
control_494	0	0.0	1.2456425905899782	0.0	2.0078991771294854	0.27983874461162284
control_495	0	0.1707910037361966	0.0	0.0	0.0	0.8752883633704805
control_496	0	1.5390016364301926	0.4992772449566123	0.0	1.934046712191585	0.0
control_497	0	0.004665166432831769	0.35652181719392007	0.0	1.6467650016711355	0.1987331775760578
control_498	0	0.36863366613004533	2.3562874963424685	1.9377306187075929	0.6842709445392168	1.8016497419107602
control_499	0	0.0	1.6680510824399102	0.0	1.2134370246344766	0.403461548911938
control_500	0	1.1774018561632849	0.0	1.9705388832516428	0.11961199666770517	0.7778410878014864
